# Exported from Wings 3D 2.1.5
mtllib truss_hub_large.mtl
o Cube1
#176 vertices, 124 faces
v 1.35000000 -1.64831574 -1.50000000
v 1.35000000 -1.64831574 1.50000000
v 1.35000000 -1.34831574 -1.50000000
v 1.35000000 -1.34831574 1.50000000
v 1.65000000 -1.64831574 -1.50000000
v 1.65000000 -1.64831574 1.50000000
v 1.65000000 -1.34831574 -1.50000000
v 1.65000000 -1.34831574 1.50000000
v -1.65000000 -1.64831574 -1.50000000
v -1.65000000 -1.64831574 1.50000000
v -1.65000000 -1.34831574 -1.50000000
v -1.65000000 -1.34831574 1.50000000
v -1.35000000 -1.64831574 -1.50000000
v -1.35000000 -1.64831574 1.50000000
v -1.35000000 -1.34831574 -1.50000000
v -1.35000000 -1.34831574 1.50000000
v -1.50000000 -1.64831574 -1.35000000
v 1.50000000 -1.64831574 -1.35000000
v -1.50000000 -1.34831574 -1.35000000
v 1.50000000 -1.34831574 -1.35000000
v -1.50000000 -1.64831574 -1.65000000
v 1.50000000 -1.64831574 -1.65000000
v -1.50000000 -1.34831574 -1.65000000
v 1.50000000 -1.34831574 -1.65000000
v -1.50000000 -1.64831574 1.65000000
v 1.50000000 -1.64831574 1.65000000
v -1.50000000 -1.34831574 1.65000000
v 1.50000000 -1.34831574 1.65000000
v -1.50000000 -1.64831574 1.35000000
v 1.50000000 -1.64831574 1.35000000
v -1.50000000 -1.34831574 1.35000000
v 1.50000000 -1.34831574 1.35000000
v 1.35000000 1.35168426 -1.50000000
v 1.35000000 1.35168426 1.50000000
v 1.35000000 1.65168426 -1.50000000
v 1.35000000 1.65168426 1.50000000
v 1.65000000 1.35168426 -1.50000000
v 1.65000000 1.35168426 1.50000000
v 1.65000000 1.65168426 -1.50000000
v 1.65000000 1.65168426 1.50000000
v -1.65000000 1.35168426 -1.50000000
v -1.65000000 1.35168426 1.50000000
v -1.65000000 1.65168426 -1.50000000
v -1.65000000 1.65168426 1.50000000
v -1.35000000 1.35168426 -1.50000000
v -1.35000000 1.35168426 1.50000000
v -1.35000000 1.65168426 -1.50000000
v -1.35000000 1.65168426 1.50000000
v -1.50000000 1.35168426 -1.35000000
v 1.50000000 1.35168426 -1.35000000
v -1.50000000 1.65168426 -1.35000000
v 1.50000000 1.65168426 -1.35000000
v -1.50000000 1.35168426 -1.65000000
v 1.50000000 1.35168426 -1.65000000
v -1.50000000 1.65168426 -1.65000000
v 1.50000000 1.65168426 -1.65000000
v -1.50000000 1.35168426 1.65000000
v 1.50000000 1.35168426 1.65000000
v -1.50000000 1.65168426 1.65000000
v 1.50000000 1.65168426 1.65000000
v -1.50000000 1.35168426 1.35000000
v 1.50000000 1.35168426 1.35000000
v -1.50000000 1.65168426 1.35000000
v 1.50000000 1.65168426 1.35000000
v 1.36500000 -1.61840424 -1.24862160
v 1.48500000 -1.61840424 -1.24862160
v 1.36500000 -1.42556796 -1.47843495
v 1.48500000 -1.42556796 -1.47843495
v 1.36500000 1.59398244 -1.19392446
v 1.48500000 1.59398244 -1.19392446
v 1.36500000 1.40114616 -1.42373778
v 1.48500000 1.40114616 -1.42373778
v -1.36500000 -1.61840424 1.24862160
v -1.48500000 -1.61840424 1.24862160
v -1.36500000 -1.42556796 1.47843495
v -1.48500000 -1.42556796 1.47843495
v -1.36500000 1.59398244 1.19392446
v -1.48500000 1.59398244 1.19392446
v -1.36500000 1.40114616 1.42373778
v -1.48500000 1.40114616 1.42373778
v 1.24862160 -1.61840424 1.36500000
v 1.24862160 -1.61840424 1.48500000
v 1.47843495 -1.42556796 1.36500000
v 1.47843495 -1.42556796 1.48500000
v 1.19392446 1.59398244 1.36500000
v 1.19392446 1.59398244 1.48500000
v 1.42373778 1.40114616 1.36500000
v 1.42373778 1.40114616 1.48500000
v -1.24862160 -1.61840424 -1.36500000
v -1.24862160 -1.61840424 -1.48500000
v -1.47843495 -1.42556796 -1.36500000
v -1.47843495 -1.42556796 -1.48500000
v -1.19392446 1.59398244 -1.36500000
v -1.19392446 1.59398244 -1.48500000
v -1.42373778 1.40114616 -1.36500000
v -1.42373778 1.40114616 -1.48500000
v 1.35000000 -1.49831574 -1.65000000
v 1.35000000 -1.49831574 -1.35000000
v 1.35000000 1.50168426 -1.65000000
v 1.35000000 1.50168426 -1.35000000
v 1.65000000 -1.49831574 -1.65000000
v 1.65000000 -1.49831574 -1.35000000
v 1.65000000 1.50168426 -1.65000000
v 1.65000000 1.50168426 -1.35000000
v -1.65000000 -1.49831574 1.35000000
v -1.65000000 -1.49831574 1.65000000
v -1.65000000 1.50168426 1.35000000
v -1.65000000 1.50168426 1.65000000
v -1.35000000 -1.49831574 1.35000000
v -1.35000000 -1.49831574 1.65000000
v -1.35000000 1.50168426 1.35000000
v -1.35000000 1.50168426 1.65000000
v -1.65000000 -1.49831574 -1.65000000
v -1.65000000 -1.49831574 -1.35000000
v -1.65000000 1.50168426 -1.65000000
v -1.65000000 1.50168426 -1.35000000
v -1.35000000 -1.49831574 -1.65000000
v -1.35000000 -1.49831574 -1.35000000
v -1.35000000 1.50168426 -1.65000000
v -1.35000000 1.50168426 -1.35000000
v 1.35000000 -1.49831574 1.35000000
v 1.35000000 -1.49831574 1.65000000
v 1.35000000 1.50168426 1.35000000
v 1.35000000 1.50168426 1.65000000
v 1.65000000 -1.49831574 1.35000000
v 1.65000000 -1.49831574 1.65000000
v 1.65000000 1.50168426 1.35000000
v 1.65000000 1.50168426 1.65000000
v -1.48492424 -1.27110794 1.35000000
v -1.48492424 -1.27110794 1.65000000
v 1.27279221 1.48660850 1.35000000
v 1.27279221 1.48660850 1.65000000
v -1.27279221 -1.48323998 1.35000000
v -1.27279221 -1.48323998 1.65000000
v 1.48492424 1.27447647 1.35000000
v 1.48492424 1.27447647 1.65000000
v 1.48492424 -1.64831574 1.27279221
v -1.27279221 -1.64831574 -1.48492424
v 1.48492424 -1.34831574 1.27279221
v -1.27279221 -1.34831574 -1.48492424
v 1.27279221 -1.64831574 1.48492424
v -1.48492424 -1.64831574 -1.27279221
v 1.27279221 -1.34831574 1.48492424
v -1.48492424 -1.34831574 -1.27279221
v -1.48492424 1.35168426 -1.27279221
v 1.27279221 1.35168426 1.48492424
v -1.48492424 1.65168426 -1.27279221
v 1.27279221 1.65168426 1.48492424
v -1.27279221 1.35168426 -1.48492424
v 1.48492424 1.35168426 1.27279221
v -1.27279221 1.65168426 -1.48492424
v 1.48492424 1.65168426 1.27279221
v -1.35000000 -1.48323998 -1.27279221
v -1.35000000 -1.27110794 -1.48492424
v -1.35000000 1.27447647 1.48492424
v -1.35000000 1.48660850 1.27279221
v -1.65000000 -1.48323998 -1.27279221
v -1.65000000 -1.27110794 -1.48492424
v -1.65000000 1.27447647 1.48492424
v -1.65000000 1.48660850 1.27279221
v 1.35000000 -1.48323998 1.27279221
v 1.35000000 -1.27110794 1.48492424
v 1.35000000 1.27447647 -1.48492424
v 1.35000000 1.48660850 -1.27279221
v 1.65000000 -1.48323998 1.27279221
v 1.65000000 -1.27110794 1.48492424
v 1.65000000 1.27447647 -1.48492424
v 1.65000000 1.48660850 -1.27279221
v 1.48492424 -1.27110794 -1.35000000
v 1.48492424 -1.27110794 -1.65000000
v -1.27279221 1.48660850 -1.35000000
v -1.27279221 1.48660850 -1.65000000
v 1.27279221 -1.48323998 -1.35000000
v 1.27279221 -1.48323998 -1.65000000
v -1.48492424 1.27447647 -1.35000000
v -1.48492424 1.27447647 -1.65000000
vt 3.6833333e-2 5.7770382e-3
vt 3.6833333e-2 5.9626469e-3
vt 3.6833333e-2 6.6444444e-3
vt 3.6833333e-2 6.7054512e-3
vt 3.6833333e-2 2.7484869e-2
vt 3.6833333e-2 2.7670478e-2
vt 3.6833333e-2 6.5198426e-3
vt 3.6833333e-2 2.6742065e-2
vt 3.6833333e-2 2.7609471e-2
vt 3.6833333e-2 2.6927673e-2
vt 3.7554470e-2 6.3916145e-3
vt 3.7554470e-2 2.7356641e-2
vt 3.7554470e-2 6.8014552e-3
vt 3.7554470e-2 2.7766482e-2
vt 3.8085263e-2 6.3916145e-3
vt 3.8085263e-2 2.7356641e-2
vt 3.8253200e-2 6.3916145e-3
vt 3.8253200e-2 2.7356641e-2
vt 3.8352830e-2 6.1890738e-3
vt 3.8352830e-2 2.7154100e-2
vt 3.8376323e-2 6.3100256e-3
vt 3.8376323e-2 2.7275052e-2
vt 4.1382828e-2 0.89882525
vt 4.1382828e-2 0.92324949
vt 4.3116161e-2 0.60524444
vt 4.3116161e-2 0.62966868
vt 4.3116161e-2 0.63554747
vt 4.3116161e-2 0.65997171
vt 4.3116161e-2 0.66585050
vt 4.3116161e-2 0.69027474
vt 4.3116161e-2 0.69615353
vt 4.3116161e-2 0.72057777
vt 4.3116161e-2 0.72645656
vt 4.3116161e-2 0.75088080
vt 4.3116161e-2 0.75675959
vt 4.3116161e-2 0.78118383
vt 4.3116161e-2 0.78706262
vt 4.3116161e-2 0.81148686
vt 4.3116161e-2 0.81736565
vt 4.3116161e-2 0.84178989
vt 4.3116161e-2 0.84766868
vt 4.3116161e-2 0.87209292
vt 4.3116161e-2 0.87797171
vt 4.3116161e-2 0.90239596
vt 4.3116161e-2 0.90827474
vt 4.3116161e-2 0.93269899
vt 4.3116161e-2 0.93857777
vt 4.3116161e-2 0.96300202
vt 0.16423296 6.2853915e-2
vt 0.16423296 8.3818942e-2
vt 0.18519799 6.2853915e-2
vt 0.18519799 8.3818942e-2
vt 0.18519799 8.3818942e-2
vt 0.20616302 6.2853915e-2
vt 0.20616302 8.3818942e-2
vt 0.20616302 8.3818942e-2
vt 0.20616302 0.10478397
vt 0.20616302 0.12574900
vt 0.20616302 0.14671402
vt 0.20616302 0.10478397
vt 0.22712804 0.12574900
vt 0.22712804 6.2853915e-2
vt 0.22712804 8.3818942e-2
vt 0.22712804 0.10478397
vt 0.22712804 0.12574900
vt 0.22712804 0.14671402
vt 0.22712804 0.14671402
vt 0.22712804 8.3818942e-2
vt 0.22712804 0.10478397
vt 0.24809307 0.12574900
vt 0.24809307 0.14671402
vt 0.24809307 0.14671402
vt 0.24809307 0.18864407
vt 0.24809307 0.20960910
vt 0.24809307 0.20960910
vt 0.24809307 0.23057413
vt 0.24809307 0.14671402
vt 0.24809307 0.16767905
vt 0.24809307 0.18864407
vt 0.26905810 0.18864407
vt 0.26905810 0.20960910
vt 0.26905810 0.20960910
vt 0.26905810 0.23057413
vt 0.26905810 0.12574900
vt 0.26905810 0.14671402
vt 0.26905810 0.16767905
vt 0.26905810 0.16767905
vt 0.26905810 0.18864407
vt 0.27593969 0.24949886
vt 0.27964286 0.69739722
vt 0.28408413 0.61017664
vt 0.28443175 0.72007500
vt 0.28562525 0.89882525
vt 0.28562525 0.92324949
vt 0.28735858 0.60524444
vt 0.28735858 0.62966868
vt 0.28735858 0.63554747
vt 0.28735858 0.65997171
vt 0.28735858 0.66585050
vt 0.28735858 0.69027474
vt 0.28735858 0.69615353
vt 0.28735858 0.72057777
vt 0.28735858 0.72645656
vt 0.28735858 0.75088080
vt 0.28735858 0.75675959
vt 0.28735858 0.78118383
vt 0.28735858 0.78706262
vt 0.28735858 0.81148686
vt 0.28735858 0.81736565
vt 0.28735858 0.84178989
vt 0.28735858 0.84766868
vt 0.28735858 0.87209292
vt 0.28735858 0.87797171
vt 0.28735858 0.90239596
vt 0.28735858 0.90827474
vt 0.28735858 0.93269899
vt 0.28735858 0.93857777
vt 0.28735858 0.96300202
vt 0.28897540 0.24949886
vt 0.28997857 0.70863838
vt 0.29267857 0.69739722
vt 0.29308384 0.73523737
vt 0.29308384 0.75966161
vt 0.29484747 0.58372222
vt 0.29484747 0.60814646
vt 0.29484747 0.61402525
vt 0.29484747 0.63844949
vt 0.29484747 0.64432828
vt 0.29484747 0.66875252
vt 0.29711984 0.61017664
vt 0.29746746 0.72007500
vt 0.30285353 0.73523737
vt 0.30285353 0.75966161
vt 0.30520505 0.67463131
vt 0.30520505 0.69905555
vt 0.30520505 0.73523737
vt 0.30520505 0.75966161
vt 0.30937868 6.7054512e-3
vt 0.30937868 2.7670478e-2
vt 0.30937868 5.7770382e-3
vt 0.30937868 5.9626469e-3
vt 0.30937868 6.5198426e-3
vt 0.30937868 6.6444444e-3
vt 0.30937868 2.6742065e-2
vt 0.30937868 2.6927673e-2
vt 0.30937868 2.7484869e-2
vt 0.30937868 2.7609471e-2
vt 0.31009982 2.7356641e-2
vt 0.31009982 6.3916145e-3
vt 0.31009982 6.8014552e-3
vt 0.31009982 2.7766482e-2
vt 0.31063061 6.3916145e-3
vt 0.31063061 2.7356641e-2
vt 0.31079854 6.3916145e-3
vt 0.31079854 2.7356641e-2
vt 0.31089817 6.1890738e-3
vt 0.31089817 2.7154100e-2
vt 0.31092167 6.3100256e-3
vt 0.31092167 2.7275052e-2
vt 0.31211984 0.66874722
vt 0.31497475 0.67463131
vt 0.31497475 0.69905555
vt 0.31497475 0.73523737
vt 0.31497475 0.75966161
vt 0.31908990 0.73347373
vt 0.31908990 0.74324343
vt 0.31927171 0.58372222
vt 0.31927171 0.60814646
vt 0.31927171 0.61402525
vt 0.31927171 0.63844949
vt 0.31927171 0.64432828
vt 0.31927171 0.66875252
vt 0.31935635 0.94639394
vt 0.32058651 0.53903611
vt 0.32156469 0.24949886
vt 0.32256786 0.70863838
vt 0.32515050 0.58372222
vt 0.32515050 0.60814646
vt 0.32515050 0.61402525
vt 0.32515050 0.63844949
vt 0.32515050 0.64432828
vt 0.32515050 0.66875252
vt 0.32526786 0.69739722
vt 0.32970913 0.61017664
vt 0.33005675 0.72007500
vt 0.33460040 0.24949886
vt 0.33560357 0.70863838
vt 0.33830357 0.69739722
vt 0.34274484 0.61017664
vt 0.34309246 0.72007500
vt 0.34351414 0.73347373
vt 0.34351414 0.74324343
vt 0.34470913 0.66874722
vt 0.34939293 0.67286767
vt 0.34939293 0.68263737
vt 0.34939293 0.73347373
vt 0.34939293 0.74324343
vt 0.34957475 0.58372222
vt 0.34957475 0.60814646
vt 0.34957475 0.61402525
vt 0.34957475 0.63844949
vt 0.34957475 0.64432828
vt 0.34957475 0.66875252
vt 0.35194564 0.94639394
vt 0.35317580 0.53903611
vt 0.35545353 0.58195858
vt 0.35545353 0.59172828
vt 0.35545353 0.61402525
vt 0.35545353 0.63844949
vt 0.35545353 0.64432828
vt 0.35545353 0.66875252
vt 0.35774484 0.66874722
vt 0.36498135 0.94639394
vt 0.36621151 0.53903611
vt 0.36819286 0.70863838
vt 0.37381717 0.67286767
vt 0.37381717 0.68263737
vt 0.37381717 0.73347373
vt 0.37381717 0.74324343
vt 0.37987778 0.58195858
vt 0.37987778 0.59172828
vt 0.37987778 0.61402525
vt 0.37987778 0.63844949
vt 0.37987778 0.64432828
vt 0.37987778 0.66875252
vt 0.38575656 0.58372222
vt 0.38575656 0.60814646
vt 0.38575656 0.61402525
vt 0.38575656 0.63844949
vt 0.38575656 0.64432828
vt 0.38575656 0.66875252
vt 0.39033413 0.66874722
vt 0.39757064 0.94639394
vt 0.39880080 0.53903611
vt 0.40401010 0.13015555
vt 0.40401010 0.37439798
vt 0.41018081 0.58372222
vt 0.41018081 0.60814646
vt 0.41018081 0.61402525
vt 0.41018081 0.63844949
vt 0.41018081 0.64432828
vt 0.41018081 0.66875252
vt 0.41605959 0.58372222
vt 0.41605959 0.60814646
vt 0.41605959 0.61402525
vt 0.41605959 0.63844949
vt 0.41605959 0.64432828
vt 0.41605959 0.66875252
vt 0.42843434 0.13015555
vt 0.42843434 0.37439798
vt 0.44048384 0.58372222
vt 0.44048384 0.60814646
vt 0.44048384 0.61402525
vt 0.44048384 0.63844949
vt 0.44048384 0.64432828
vt 0.44048384 0.66875252
vt 0.44459899 0.64432828
vt 0.44459899 0.66875252
vt 0.44636262 0.58372222
vt 0.44636262 0.60814646
vt 0.44636262 0.61402525
vt 0.44636262 0.63844949
vt 0.45436868 0.64432828
vt 0.45436868 0.66875252
vt 0.47078687 0.58372222
vt 0.47078687 0.60814646
vt 0.47078687 0.61402525
vt 0.47078687 0.63844949
vt 0.47190000 0.10142058
vt 0.47190000 0.37396593
vt 0.47192058 0.37396593
vt 0.47192058 0.10142058
vt 0.47208561 0.10142058
vt 0.47208561 0.37396593
vt 0.47210619 0.10142058
vt 0.47210619 0.37396593
vt 0.47226648 9.8365581e-2
vt 0.47226648 0.37091093
vt 0.47270455 0.37396593
vt 0.47270455 0.10142058
vt 0.47286958 0.37396593
vt 0.47286958 0.10142058
vt 0.47289016 0.37396593
vt 0.47289016 0.10142058
vt 0.47301003 9.7436059e-2
vt 0.47301003 0.36998140
vt 0.47315664 9.8365581e-2
vt 0.47315664 0.37091093
vt 0.47346685 9.7436059e-2
vt 0.47346685 0.36998140
vt 0.47383188 9.7163040e-2
vt 0.47383188 9.8486533e-2
vt 0.47383188 0.36970839
vt 0.47383188 0.37103188
vt 0.49286503 0.10142058
vt 0.49286503 0.37396593
vt 0.49288561 0.37396593
vt 0.49288561 0.10142058
vt 0.49305064 0.10142058
vt 0.49305064 0.37396593
vt 0.49307122 0.10142058
vt 0.49307122 0.37396593
vt 0.49323151 9.8365581e-2
vt 0.49323151 0.37091093
vt 0.49366958 0.10142058
vt 0.49366958 0.37396593
vt 0.49383460 0.37396593
vt 0.49383460 0.10142058
vt 0.49385519 0.37396593
vt 0.49385519 0.10142058
vt 0.49397505 9.7436059e-2
vt 0.49397505 0.36998140
vt 0.49412167 9.8365581e-2
vt 0.49412167 0.37091093
vt 0.49443188 9.7436059e-2
vt 0.49443188 0.36998140
vt 0.49479690 9.7163040e-2
vt 0.49479690 9.8486533e-2
vt 0.49479690 0.36970839
vt 0.49479690 0.37103188
vt 0.57711064 4.2982146e-2
vt 0.57711064 4.8991967e-2
vt 0.57711064 7.8334036e-2
vt 0.57711064 8.4343857e-2
vt 0.57711064 0.11368593
vt 0.57711064 0.11969575
vt 0.57711064 0.14903782
vt 0.57711064 0.15504764
vt 0.57711064 0.18438971
vt 0.57711064 0.19039953
vt 0.57711064 0.21974160
vt 0.57711064 0.22575142
vt 0.57711064 0.25509349
vt 0.57711064 0.26110331
vt 0.57711064 0.29044538
vt 0.57711064 0.29645520
vt 0.58184242 7.4006060e-2
vt 0.58184242 9.8430304e-2
vt 0.58184242 0.10430909
vt 0.58184242 0.12873333
vt 0.58312046 4.2982146e-2
vt 0.58312046 4.8991967e-2
vt 0.58312046 7.8334036e-2
vt 0.58312046 8.4343857e-2
vt 0.58312046 0.11368593
vt 0.58312046 0.11969575
vt 0.58312046 0.14903782
vt 0.58312046 0.15504764
vt 0.58312046 0.18438971
vt 0.58312046 0.19039953
vt 0.58312046 0.21974160
vt 0.58312046 0.22575142
vt 0.58312046 0.25509349
vt 0.58312046 0.26110331
vt 0.58312046 0.29044538
vt 0.58312046 0.29645520
vt 0.58809091 0.69158484
vt 0.58809091 0.71600909
vt 0.58809091 0.72188787
vt 0.58809091 0.74631212
vt 0.58809091 0.78249393
vt 0.58809091 0.80691818
vt 0.58809091 0.81279697
vt 0.58809091 0.83722121
vt 0.58809091 0.84310000
vt 0.58809091 0.86752424
vt 0.62746565 0.19124141
vt 0.62746565 0.43548383
vt 0.65188990 0.19124141
vt 0.65188990 0.43548383
vt 0.65648790 0.35168897
vt 0.65648790 0.43752222
vt 0.65776868 0.19124141
vt 0.65776868 0.43548383
vt 0.66482042 0.35336381
vt 0.66490374 0.35252222
vt 0.66498707 0.35168064
vt 0.66753535 0.89116969
vt 0.66753535 0.91559393
vt 0.67284242 0.62685050
vt 0.67284242 0.65127474
vt 0.67284242 0.65715353
vt 0.67284242 0.68157777
vt 0.67284242 0.68745656
vt 0.67284242 0.71188080
vt 0.67331958 0.26752222
vt 0.67331958 0.35335547
vt 0.68219293 0.19124141
vt 0.68219293 0.43548383
vt 0.68807171 0.19124141
vt 0.68807171 0.43548383
vt 0.71020770 0.72139992
vt 0.71020770 0.63556667
vt 0.71249596 0.19124141
vt 0.71249596 0.43548383
vt 0.71837475 0.19124141
vt 0.71837475 0.43548383
vt 0.71854022 0.71972508
vt 0.71862354 0.72056667
vt 0.71870687 0.72140825
vt 0.72703938 0.71973342
vt 0.72703938 0.80556667
vt 0.74279899 0.19124141
vt 0.74279899 0.43548383
vt 0.74867778 0.19124141
vt 0.74867778 0.43548383
vt 0.75549780 0.26752222
vt 0.75549780 0.35335547
vt 0.76383032 0.35168064
vt 0.76391364 0.35252222
vt 0.76399697 0.35336381
vt 0.77232948 0.35168897
vt 0.77232948 0.43752222
vt 0.77310202 0.19124141
vt 0.77310202 0.43548383
vt 0.77898081 0.19124141
vt 0.77898081 0.43548383
vt 0.80340505 0.19124141
vt 0.80340505 0.43548383
vt 0.80928384 0.19124141
vt 0.80928384 0.43548383
vt 0.82608485 7.4006060e-2
vt 0.82608485 9.8430304e-2
vt 0.82608485 0.10430909
vt 0.82608485 0.12873333
vt 0.83233333 0.69158484
vt 0.83233333 0.71600909
vt 0.83233333 0.72188787
vt 0.83233333 0.74631212
vt 0.83233333 0.78249393
vt 0.83233333 0.80691818
vt 0.83233333 0.81279697
vt 0.83233333 0.83722121
vt 0.83233333 0.84310000
vt 0.83233333 0.86752424
vt 0.83370808 0.19124141
vt 0.83370808 0.43548383
vt 0.86326689 0.19901119
vt 0.86326689 0.28484444
vt 0.87159940 0.20068603
vt 0.87168273 0.19984444
vt 0.87176605 0.19900286
vt 0.88009857 0.11484444
vt 0.88009857 0.20067770
vt 0.91177778 0.89116969
vt 0.91177778 0.91559393
vt 0.91708485 0.62685050
vt 0.91708485 0.65127474
vt 0.91708485 0.65715353
vt 0.91708485 0.68157777
vt 0.91708485 0.68745656
vt 0.91708485 0.71188080
vn -1.00000000 0.0000000e+0 0.0000000e+0
vn 0.0000000e+0 0.0000000e+0 -1.00000000
vn 0.0000000e+0 -1.00000000 0.0000000e+0
vn -1.00000000 0.0000000e+0 0.0000000e+0
vn 0.0000000e+0 0.0000000e+0 1.00000000
vn 0.0000000e+0 -1.00000000 0.0000000e+0
vn -1.00000000 0.0000000e+0 0.0000000e+0
vn 0.0000000e+0 0.0000000e+0 -1.00000000
vn 0.0000000e+0 1.00000000 0.0000000e+0
vn -1.00000000 0.0000000e+0 0.0000000e+0
vn 0.0000000e+0 0.0000000e+0 1.00000000
vn 0.0000000e+0 1.00000000 0.0000000e+0
vn 1.00000000 0.0000000e+0 0.0000000e+0
vn 0.0000000e+0 0.0000000e+0 -1.00000000
vn 0.0000000e+0 -1.00000000 0.0000000e+0
vn 1.00000000 0.0000000e+0 0.0000000e+0
vn 0.0000000e+0 0.0000000e+0 1.00000000
vn 0.0000000e+0 -1.00000000 0.0000000e+0
vn 1.00000000 0.0000000e+0 0.0000000e+0
vn 0.0000000e+0 0.0000000e+0 -1.00000000
vn 0.0000000e+0 1.00000000 0.0000000e+0
vn 1.00000000 0.0000000e+0 0.0000000e+0
vn 0.0000000e+0 0.0000000e+0 1.00000000
vn 0.0000000e+0 1.00000000 0.0000000e+0
vn 0.0000000e+0 -1.00000000 0.0000000e+0
vn 0.0000000e+0 0.0000000e+0 -1.00000000
vn -1.00000000 0.0000000e+0 0.0000000e+0
vn 0.0000000e+0 -1.00000000 0.0000000e+0
vn 0.0000000e+0 0.0000000e+0 1.00000000
vn -1.00000000 0.0000000e+0 0.0000000e+0
vn 0.0000000e+0 1.00000000 0.0000000e+0
vn 0.0000000e+0 0.0000000e+0 -1.00000000
vn -1.00000000 0.0000000e+0 0.0000000e+0
vn 0.0000000e+0 1.00000000 0.0000000e+0
vn 0.0000000e+0 0.0000000e+0 1.00000000
vn -1.00000000 0.0000000e+0 0.0000000e+0
vn 0.0000000e+0 -1.00000000 0.0000000e+0
vn 0.0000000e+0 0.0000000e+0 -1.00000000
vn 1.00000000 0.0000000e+0 0.0000000e+0
vn 0.0000000e+0 -1.00000000 0.0000000e+0
vn 0.0000000e+0 0.0000000e+0 1.00000000
vn 1.00000000 0.0000000e+0 0.0000000e+0
vn 0.0000000e+0 1.00000000 0.0000000e+0
vn 0.0000000e+0 0.0000000e+0 -1.00000000
vn 1.00000000 0.0000000e+0 0.0000000e+0
vn 0.0000000e+0 1.00000000 0.0000000e+0
vn 0.0000000e+0 0.0000000e+0 1.00000000
vn 1.00000000 0.0000000e+0 0.0000000e+0
vn 0.0000000e+0 0.0000000e+0 1.00000000
vn 0.0000000e+0 -1.00000000 0.0000000e+0
vn -1.00000000 0.0000000e+0 0.0000000e+0
vn 0.0000000e+0 0.0000000e+0 1.00000000
vn 0.0000000e+0 -1.00000000 0.0000000e+0
vn 1.00000000 0.0000000e+0 0.0000000e+0
vn 0.0000000e+0 0.0000000e+0 1.00000000
vn 0.0000000e+0 1.00000000 0.0000000e+0
vn -1.00000000 0.0000000e+0 0.0000000e+0
vn 0.0000000e+0 0.0000000e+0 1.00000000
vn 0.0000000e+0 1.00000000 0.0000000e+0
vn 1.00000000 0.0000000e+0 0.0000000e+0
vn 0.0000000e+0 0.0000000e+0 -1.00000000
vn 0.0000000e+0 -1.00000000 0.0000000e+0
vn -1.00000000 0.0000000e+0 0.0000000e+0
vn 0.0000000e+0 0.0000000e+0 -1.00000000
vn 0.0000000e+0 -1.00000000 0.0000000e+0
vn 1.00000000 0.0000000e+0 0.0000000e+0
vn 0.0000000e+0 0.0000000e+0 -1.00000000
vn 0.0000000e+0 1.00000000 0.0000000e+0
vn -1.00000000 0.0000000e+0 0.0000000e+0
vn 0.0000000e+0 0.0000000e+0 -1.00000000
vn 0.0000000e+0 1.00000000 0.0000000e+0
vn 1.00000000 0.0000000e+0 0.0000000e+0
vn 0.0000000e+0 0.0000000e+0 1.00000000
vn 0.0000000e+0 -1.00000000 0.0000000e+0
vn -1.00000000 0.0000000e+0 0.0000000e+0
vn 0.0000000e+0 0.0000000e+0 1.00000000
vn 0.0000000e+0 -1.00000000 0.0000000e+0
vn 1.00000000 0.0000000e+0 0.0000000e+0
vn 0.0000000e+0 0.0000000e+0 1.00000000
vn 0.0000000e+0 1.00000000 0.0000000e+0
vn -1.00000000 0.0000000e+0 0.0000000e+0
vn 0.0000000e+0 0.0000000e+0 1.00000000
vn 0.0000000e+0 1.00000000 0.0000000e+0
vn 1.00000000 0.0000000e+0 0.0000000e+0
vn 0.0000000e+0 0.0000000e+0 -1.00000000
vn 0.0000000e+0 -1.00000000 0.0000000e+0
vn -1.00000000 0.0000000e+0 0.0000000e+0
vn 0.0000000e+0 0.0000000e+0 -1.00000000
vn 0.0000000e+0 -1.00000000 0.0000000e+0
vn 1.00000000 0.0000000e+0 0.0000000e+0
vn 0.0000000e+0 0.0000000e+0 -1.00000000
vn 0.0000000e+0 1.00000000 0.0000000e+0
vn -1.00000000 0.0000000e+0 0.0000000e+0
vn 0.0000000e+0 0.0000000e+0 -1.00000000
vn 0.0000000e+0 1.00000000 0.0000000e+0
vn 1.00000000 0.0000000e+0 0.0000000e+0
vn 0.0000000e+0 0.0000000e+0 -1.00000000
vn -1.00000000 0.0000000e+0 0.0000000e+0
vn 0.0000000e+0 -1.00000000 0.0000000e+0
vn 0.0000000e+0 0.0000000e+0 1.00000000
vn -1.00000000 0.0000000e+0 0.0000000e+0
vn 0.0000000e+0 -1.00000000 0.0000000e+0
vn 0.0000000e+0 0.0000000e+0 -1.00000000
vn -1.00000000 0.0000000e+0 0.0000000e+0
vn 0.0000000e+0 1.00000000 0.0000000e+0
vn 0.0000000e+0 0.0000000e+0 1.00000000
vn -1.00000000 0.0000000e+0 0.0000000e+0
vn 0.0000000e+0 1.00000000 0.0000000e+0
vn 0.0000000e+0 0.0000000e+0 -1.00000000
vn 1.00000000 0.0000000e+0 0.0000000e+0
vn 0.0000000e+0 -1.00000000 0.0000000e+0
vn 0.0000000e+0 0.0000000e+0 1.00000000
vn 1.00000000 0.0000000e+0 0.0000000e+0
vn 0.0000000e+0 -1.00000000 0.0000000e+0
vn 0.0000000e+0 0.0000000e+0 -1.00000000
vn 1.00000000 0.0000000e+0 0.0000000e+0
vn 0.0000000e+0 1.00000000 0.0000000e+0
vn 0.0000000e+0 0.0000000e+0 1.00000000
vn 1.00000000 0.0000000e+0 0.0000000e+0
vn 0.0000000e+0 1.00000000 0.0000000e+0
vn 0.0000000e+0 -1.00000000 0.0000000e+0
vn 0.0000000e+0 0.0000000e+0 -1.00000000
vn -1.00000000 0.0000000e+0 0.0000000e+0
vn 0.0000000e+0 -1.00000000 0.0000000e+0
vn 0.0000000e+0 0.0000000e+0 1.00000000
vn -1.00000000 0.0000000e+0 0.0000000e+0
vn 0.0000000e+0 1.00000000 0.0000000e+0
vn 0.0000000e+0 0.0000000e+0 -1.00000000
vn -1.00000000 0.0000000e+0 0.0000000e+0
vn 0.0000000e+0 1.00000000 0.0000000e+0
vn 0.0000000e+0 0.0000000e+0 1.00000000
vn -1.00000000 0.0000000e+0 0.0000000e+0
vn 0.0000000e+0 -1.00000000 0.0000000e+0
vn 0.0000000e+0 0.0000000e+0 -1.00000000
vn 1.00000000 0.0000000e+0 0.0000000e+0
vn 0.0000000e+0 -1.00000000 0.0000000e+0
vn 0.0000000e+0 0.0000000e+0 1.00000000
vn 1.00000000 0.0000000e+0 0.0000000e+0
vn 0.0000000e+0 1.00000000 0.0000000e+0
vn 0.0000000e+0 0.0000000e+0 -1.00000000
vn 1.00000000 0.0000000e+0 0.0000000e+0
vn 0.0000000e+0 1.00000000 0.0000000e+0
vn 0.0000000e+0 0.0000000e+0 1.00000000
vn 1.00000000 0.0000000e+0 0.0000000e+0
vn 0.0000000e+0 -1.00000000 0.0000000e+0
vn -1.00000000 0.0000000e+0 0.0000000e+0
vn 0.0000000e+0 0.0000000e+0 1.00000000
vn 0.0000000e+0 -1.00000000 0.0000000e+0
vn 1.00000000 0.0000000e+0 0.0000000e+0
vn 0.0000000e+0 0.0000000e+0 1.00000000
vn 0.0000000e+0 1.00000000 0.0000000e+0
vn -1.00000000 0.0000000e+0 0.0000000e+0
vn 0.0000000e+0 0.0000000e+0 1.00000000
vn 0.0000000e+0 1.00000000 0.0000000e+0
vn 1.00000000 0.0000000e+0 0.0000000e+0
vn 0.0000000e+0 0.0000000e+0 1.00000000
vn 0.0000000e+0 -1.00000000 0.0000000e+0
vn -1.00000000 0.0000000e+0 0.0000000e+0
vn 0.0000000e+0 0.0000000e+0 -1.00000000
vn 0.0000000e+0 -1.00000000 0.0000000e+0
vn 1.00000000 0.0000000e+0 0.0000000e+0
vn 0.0000000e+0 0.0000000e+0 -1.00000000
vn 0.0000000e+0 1.00000000 0.0000000e+0
vn -1.00000000 0.0000000e+0 0.0000000e+0
vn 0.0000000e+0 0.0000000e+0 -1.00000000
vn 0.0000000e+0 1.00000000 0.0000000e+0
vn 1.00000000 0.0000000e+0 0.0000000e+0
vn 0.0000000e+0 0.0000000e+0 -1.00000000
vn 0.0000000e+0 0.0000000e+0 1.00000000
vn 0.0000000e+0 -1.00000000 0.0000000e+0
vn -1.00000000 0.0000000e+0 0.0000000e+0
vn 0.0000000e+0 0.0000000e+0 1.00000000
vn 0.0000000e+0 -1.00000000 0.0000000e+0
vn 1.00000000 0.0000000e+0 0.0000000e+0
vn 0.0000000e+0 0.0000000e+0 1.00000000
vn 0.0000000e+0 1.00000000 0.0000000e+0
vn -1.00000000 0.0000000e+0 0.0000000e+0
vn 0.0000000e+0 0.0000000e+0 1.00000000
vn 0.0000000e+0 1.00000000 0.0000000e+0
vn 1.00000000 0.0000000e+0 0.0000000e+0
vn 0.0000000e+0 0.0000000e+0 -1.00000000
vn 0.0000000e+0 -1.00000000 0.0000000e+0
vn -1.00000000 0.0000000e+0 0.0000000e+0
vn 0.0000000e+0 0.0000000e+0 -1.00000000
vn 0.0000000e+0 -1.00000000 0.0000000e+0
vn 1.00000000 0.0000000e+0 0.0000000e+0
vn 0.0000000e+0 0.0000000e+0 -1.00000000
vn 0.0000000e+0 1.00000000 0.0000000e+0
vn -1.00000000 0.0000000e+0 0.0000000e+0
vn 0.0000000e+0 0.0000000e+0 -1.00000000
vn 0.0000000e+0 1.00000000 0.0000000e+0
vn 1.00000000 0.0000000e+0 0.0000000e+0
vn 0.0000000e+0 -0.76604447 -0.64278758
vn 0.0000000e+0 0.76604447 0.64278758
vn 0.0000000e+0 -0.76604447 -0.64278758
vn 0.0000000e+0 0.76604447 0.64278758
vn 0.0000000e+0 -0.76604447 -0.64278758
vn 0.0000000e+0 0.76604447 0.64278758
vn 0.0000000e+0 -0.76604447 -0.64278758
vn 0.0000000e+0 0.76604447 0.64278758
vn 0.0000000e+0 0.76604443 -0.64278763
vn 0.0000000e+0 -0.76604443 0.64278763
vn 0.0000000e+0 0.76604443 -0.64278763
vn 0.0000000e+0 -0.76604443 0.64278763
vn 0.0000000e+0 0.76604443 -0.64278763
vn 0.0000000e+0 -0.76604443 0.64278763
vn 0.0000000e+0 0.76604443 -0.64278763
vn 0.0000000e+0 -0.76604443 0.64278763
vn 0.0000000e+0 0.76604447 -0.64278758
vn 0.0000000e+0 -0.76604447 0.64278758
vn 0.0000000e+0 0.76604447 -0.64278758
vn 0.0000000e+0 -0.76604447 0.64278758
vn 0.0000000e+0 0.76604447 -0.64278758
vn 0.0000000e+0 -0.76604447 0.64278758
vn 0.0000000e+0 0.76604447 -0.64278758
vn 0.0000000e+0 -0.76604447 0.64278758
vn 0.0000000e+0 0.76604443 0.64278763
vn 0.0000000e+0 -0.76604443 -0.64278763
vn 0.0000000e+0 0.76604443 0.64278763
vn 0.0000000e+0 -0.76604443 -0.64278763
vn 0.0000000e+0 0.76604443 0.64278763
vn 0.0000000e+0 -0.76604443 -0.64278763
vn 0.0000000e+0 0.76604443 0.64278763
vn 0.0000000e+0 -0.76604443 -0.64278763
vn 0.64278758 -0.76604447 0.0000000e+0
vn -0.64278758 0.76604447 0.0000000e+0
vn 0.64278758 -0.76604447 0.0000000e+0
vn -0.64278758 0.76604447 0.0000000e+0
vn 0.64278758 -0.76604447 0.0000000e+0
vn -0.64278758 0.76604447 0.0000000e+0
vn 0.64278758 -0.76604447 0.0000000e+0
vn -0.64278758 0.76604447 0.0000000e+0
vn 0.64278763 0.76604443 0.0000000e+0
vn -0.64278763 -0.76604443 0.0000000e+0
vn 0.64278763 0.76604443 0.0000000e+0
vn -0.64278763 -0.76604443 0.0000000e+0
vn 0.64278763 0.76604443 0.0000000e+0
vn -0.64278763 -0.76604443 0.0000000e+0
vn 0.64278763 0.76604443 0.0000000e+0
vn -0.64278763 -0.76604443 0.0000000e+0
vn -0.64278758 -0.76604447 0.0000000e+0
vn 0.64278758 0.76604447 0.0000000e+0
vn -0.64278758 -0.76604447 0.0000000e+0
vn 0.64278758 0.76604447 0.0000000e+0
vn -0.64278758 -0.76604447 0.0000000e+0
vn 0.64278758 0.76604447 0.0000000e+0
vn -0.64278758 -0.76604447 0.0000000e+0
vn 0.64278758 0.76604447 0.0000000e+0
vn 0.64278763 -0.76604443 0.0000000e+0
vn -0.64278763 0.76604443 0.0000000e+0
vn 0.64278763 -0.76604443 0.0000000e+0
vn -0.64278763 0.76604443 0.0000000e+0
vn 0.64278763 -0.76604443 0.0000000e+0
vn -0.64278763 0.76604443 0.0000000e+0
vn 0.64278763 -0.76604443 0.0000000e+0
vn -0.64278763 0.76604443 0.0000000e+0
vn 0.0000000e+0 -1.00000000 0.0000000e+0
vn 0.0000000e+0 0.0000000e+0 -1.00000000
vn -1.00000000 0.0000000e+0 0.0000000e+0
vn 0.0000000e+0 -1.00000000 0.0000000e+0
vn 0.0000000e+0 0.0000000e+0 1.00000000
vn -1.00000000 0.0000000e+0 0.0000000e+0
vn 0.0000000e+0 1.00000000 0.0000000e+0
vn 0.0000000e+0 0.0000000e+0 -1.00000000
vn -1.00000000 0.0000000e+0 0.0000000e+0
vn 0.0000000e+0 1.00000000 0.0000000e+0
vn 0.0000000e+0 0.0000000e+0 1.00000000
vn -1.00000000 0.0000000e+0 0.0000000e+0
vn 0.0000000e+0 -1.00000000 0.0000000e+0
vn 0.0000000e+0 0.0000000e+0 -1.00000000
vn 1.00000000 0.0000000e+0 0.0000000e+0
vn 0.0000000e+0 -1.00000000 0.0000000e+0
vn 0.0000000e+0 0.0000000e+0 1.00000000
vn 1.00000000 0.0000000e+0 0.0000000e+0
vn 0.0000000e+0 1.00000000 0.0000000e+0
vn 0.0000000e+0 0.0000000e+0 -1.00000000
vn 1.00000000 0.0000000e+0 0.0000000e+0
vn 0.0000000e+0 1.00000000 0.0000000e+0
vn 0.0000000e+0 0.0000000e+0 1.00000000
vn 1.00000000 0.0000000e+0 0.0000000e+0
vn 0.0000000e+0 -1.00000000 0.0000000e+0
vn 0.0000000e+0 0.0000000e+0 -1.00000000
vn -1.00000000 0.0000000e+0 0.0000000e+0
vn 0.0000000e+0 -1.00000000 0.0000000e+0
vn 0.0000000e+0 0.0000000e+0 1.00000000
vn -1.00000000 0.0000000e+0 0.0000000e+0
vn 0.0000000e+0 1.00000000 0.0000000e+0
vn 0.0000000e+0 0.0000000e+0 -1.00000000
vn -1.00000000 0.0000000e+0 0.0000000e+0
vn 0.0000000e+0 1.00000000 0.0000000e+0
vn 0.0000000e+0 0.0000000e+0 1.00000000
vn -1.00000000 0.0000000e+0 0.0000000e+0
vn 0.0000000e+0 -1.00000000 0.0000000e+0
vn 0.0000000e+0 0.0000000e+0 -1.00000000
vn 1.00000000 0.0000000e+0 0.0000000e+0
vn 0.0000000e+0 -1.00000000 0.0000000e+0
vn 0.0000000e+0 0.0000000e+0 1.00000000
vn 1.00000000 0.0000000e+0 0.0000000e+0
vn 0.0000000e+0 1.00000000 0.0000000e+0
vn 0.0000000e+0 0.0000000e+0 -1.00000000
vn 1.00000000 0.0000000e+0 0.0000000e+0
vn 0.0000000e+0 1.00000000 0.0000000e+0
vn 0.0000000e+0 0.0000000e+0 1.00000000
vn 1.00000000 0.0000000e+0 0.0000000e+0
vn 0.0000000e+0 -1.00000000 0.0000000e+0
vn 0.0000000e+0 0.0000000e+0 -1.00000000
vn -1.00000000 0.0000000e+0 0.0000000e+0
vn 0.0000000e+0 -1.00000000 0.0000000e+0
vn 0.0000000e+0 0.0000000e+0 1.00000000
vn -1.00000000 0.0000000e+0 0.0000000e+0
vn 0.0000000e+0 1.00000000 0.0000000e+0
vn 0.0000000e+0 0.0000000e+0 -1.00000000
vn -1.00000000 0.0000000e+0 0.0000000e+0
vn 0.0000000e+0 1.00000000 0.0000000e+0
vn 0.0000000e+0 0.0000000e+0 1.00000000
vn -1.00000000 0.0000000e+0 0.0000000e+0
vn 0.0000000e+0 -1.00000000 0.0000000e+0
vn 0.0000000e+0 0.0000000e+0 -1.00000000
vn 1.00000000 0.0000000e+0 0.0000000e+0
vn 0.0000000e+0 -1.00000000 0.0000000e+0
vn 0.0000000e+0 0.0000000e+0 1.00000000
vn 1.00000000 0.0000000e+0 0.0000000e+0
vn 0.0000000e+0 1.00000000 0.0000000e+0
vn 0.0000000e+0 0.0000000e+0 -1.00000000
vn 1.00000000 0.0000000e+0 0.0000000e+0
vn 0.0000000e+0 1.00000000 0.0000000e+0
vn 0.0000000e+0 0.0000000e+0 1.00000000
vn 1.00000000 0.0000000e+0 0.0000000e+0
vn 0.0000000e+0 -1.00000000 0.0000000e+0
vn 0.0000000e+0 0.0000000e+0 -1.00000000
vn -1.00000000 0.0000000e+0 0.0000000e+0
vn 0.0000000e+0 -1.00000000 0.0000000e+0
vn 0.0000000e+0 0.0000000e+0 1.00000000
vn -1.00000000 0.0000000e+0 0.0000000e+0
vn 0.0000000e+0 1.00000000 0.0000000e+0
vn 0.0000000e+0 0.0000000e+0 -1.00000000
vn -1.00000000 0.0000000e+0 0.0000000e+0
vn 0.0000000e+0 1.00000000 0.0000000e+0
vn 0.0000000e+0 0.0000000e+0 1.00000000
vn -1.00000000 0.0000000e+0 0.0000000e+0
vn 0.0000000e+0 -1.00000000 0.0000000e+0
vn 0.0000000e+0 0.0000000e+0 -1.00000000
vn 1.00000000 0.0000000e+0 0.0000000e+0
vn 0.0000000e+0 -1.00000000 0.0000000e+0
vn 0.0000000e+0 0.0000000e+0 1.00000000
vn 1.00000000 0.0000000e+0 0.0000000e+0
vn 0.0000000e+0 1.00000000 0.0000000e+0
vn 0.0000000e+0 0.0000000e+0 -1.00000000
vn 1.00000000 0.0000000e+0 0.0000000e+0
vn 0.0000000e+0 1.00000000 0.0000000e+0
vn 0.0000000e+0 0.0000000e+0 1.00000000
vn 1.00000000 0.0000000e+0 0.0000000e+0
vn -0.70710678 -0.70710678 0.0000000e+0
vn 0.0000000e+0 0.0000000e+0 -1.00000000
vn -0.70710678 0.70710678 0.0000000e+0
vn -0.70710678 -0.70710678 0.0000000e+0
vn 0.0000000e+0 0.0000000e+0 1.00000000
vn -0.70710678 0.70710678 0.0000000e+0
vn 0.70710678 0.70710678 0.0000000e+0
vn 0.0000000e+0 0.0000000e+0 -1.00000000
vn -0.70710678 0.70710678 0.0000000e+0
vn 0.70710678 0.70710678 0.0000000e+0
vn 0.0000000e+0 0.0000000e+0 1.00000000
vn -0.70710678 0.70710678 0.0000000e+0
vn -0.70710678 -0.70710678 0.0000000e+0
vn 0.0000000e+0 0.0000000e+0 -1.00000000
vn 0.70710678 -0.70710678 0.0000000e+0
vn -0.70710678 -0.70710678 0.0000000e+0
vn 0.0000000e+0 0.0000000e+0 1.00000000
vn 0.70710678 -0.70710678 0.0000000e+0
vn 0.70710678 0.70710678 0.0000000e+0
vn 0.0000000e+0 0.0000000e+0 -1.00000000
vn 0.70710678 -0.70710678 0.0000000e+0
vn 0.70710678 0.70710678 0.0000000e+0
vn 0.0000000e+0 0.0000000e+0 1.00000000
vn 0.70710678 -0.70710678 0.0000000e+0
vn 0.0000000e+0 -1.00000000 0.0000000e+0
vn 0.70710678 0.0000000e+0 0.70710678
vn 0.70710678 0.0000000e+0 -0.70710678
vn 0.0000000e+0 -1.00000000 0.0000000e+0
vn -0.70710678 0.0000000e+0 -0.70710678
vn 0.70710678 0.0000000e+0 -0.70710678
vn 0.0000000e+0 1.00000000 0.0000000e+0
vn 0.70710678 0.0000000e+0 0.70710678
vn 0.70710678 0.0000000e+0 -0.70710678
vn 0.0000000e+0 1.00000000 0.0000000e+0
vn -0.70710678 0.0000000e+0 -0.70710678
vn 0.70710678 0.0000000e+0 -0.70710678
vn 0.0000000e+0 -1.00000000 0.0000000e+0
vn 0.70710678 0.0000000e+0 0.70710678
vn -0.70710678 0.0000000e+0 0.70710678
vn 0.0000000e+0 -1.00000000 0.0000000e+0
vn -0.70710678 0.0000000e+0 -0.70710678
vn -0.70710678 0.0000000e+0 0.70710678
vn 0.0000000e+0 1.00000000 0.0000000e+0
vn 0.70710678 0.0000000e+0 0.70710678
vn -0.70710678 0.0000000e+0 0.70710678
vn 0.0000000e+0 1.00000000 0.0000000e+0
vn -0.70710678 0.0000000e+0 -0.70710678
vn -0.70710678 0.0000000e+0 0.70710678
vn 0.0000000e+0 -1.00000000 0.0000000e+0
vn -0.70710678 0.0000000e+0 -0.70710678
vn -0.70710678 0.0000000e+0 0.70710678
vn 0.0000000e+0 -1.00000000 0.0000000e+0
vn 0.70710678 0.0000000e+0 0.70710678
vn -0.70710678 0.0000000e+0 0.70710678
vn 0.0000000e+0 1.00000000 0.0000000e+0
vn -0.70710678 0.0000000e+0 -0.70710678
vn -0.70710678 0.0000000e+0 0.70710678
vn 0.0000000e+0 1.00000000 0.0000000e+0
vn 0.70710678 0.0000000e+0 0.70710678
vn -0.70710678 0.0000000e+0 0.70710678
vn 0.0000000e+0 -1.00000000 0.0000000e+0
vn -0.70710678 0.0000000e+0 -0.70710678
vn 0.70710678 0.0000000e+0 -0.70710678
vn 0.0000000e+0 -1.00000000 0.0000000e+0
vn 0.70710678 0.0000000e+0 0.70710678
vn 0.70710678 0.0000000e+0 -0.70710678
vn 0.0000000e+0 1.00000000 0.0000000e+0
vn -0.70710678 0.0000000e+0 -0.70710678
vn 0.70710678 0.0000000e+0 -0.70710678
vn 0.0000000e+0 1.00000000 0.0000000e+0
vn 0.70710678 0.0000000e+0 0.70710678
vn 0.70710678 0.0000000e+0 -0.70710678
vn 0.0000000e+0 -0.70710678 -0.70710678
vn 0.0000000e+0 -0.70710678 0.70710678
vn 1.00000000 -9.6621074e-16 1.1272459e-15
vn 0.0000000e+0 -0.70710678 -0.70710678
vn 0.0000000e+0 0.70710678 -0.70710678
vn 1.00000000 -9.6621074e-16 1.1272459e-15
vn 0.0000000e+0 0.70710678 0.70710678
vn 0.0000000e+0 -0.70710678 0.70710678
vn 1.00000000 -9.6621074e-16 1.1272459e-15
vn 0.0000000e+0 0.70710678 0.70710678
vn 0.0000000e+0 0.70710678 -0.70710678
vn 1.00000000 -9.6621074e-16 1.1272459e-15
vn 0.0000000e+0 -0.70710678 -0.70710678
vn 0.0000000e+0 -0.70710678 0.70710678
vn -1.00000000 0.0000000e+0 0.0000000e+0
vn 0.0000000e+0 -0.70710678 -0.70710678
vn 0.0000000e+0 0.70710678 -0.70710678
vn -1.00000000 0.0000000e+0 0.0000000e+0
vn 0.0000000e+0 0.70710678 0.70710678
vn 0.0000000e+0 -0.70710678 0.70710678
vn -1.00000000 0.0000000e+0 0.0000000e+0
vn 0.0000000e+0 0.70710678 0.70710678
vn 0.0000000e+0 0.70710678 -0.70710678
vn -1.00000000 0.0000000e+0 0.0000000e+0
vn 0.0000000e+0 -0.70710678 0.70710678
vn 0.0000000e+0 -0.70710678 -0.70710678
vn -1.00000000 0.0000000e+0 0.0000000e+0
vn 0.0000000e+0 -0.70710678 0.70710678
vn 0.0000000e+0 0.70710678 0.70710678
vn -1.00000000 0.0000000e+0 0.0000000e+0
vn 0.0000000e+0 0.70710678 -0.70710678
vn 0.0000000e+0 -0.70710678 -0.70710678
vn -1.00000000 0.0000000e+0 0.0000000e+0
vn 0.0000000e+0 0.70710678 -0.70710678
vn 0.0000000e+0 0.70710678 0.70710678
vn -1.00000000 0.0000000e+0 0.0000000e+0
vn 0.0000000e+0 -0.70710678 0.70710678
vn 0.0000000e+0 -0.70710678 -0.70710678
vn 1.00000000 0.0000000e+0 0.0000000e+0
vn 0.0000000e+0 -0.70710678 0.70710678
vn 0.0000000e+0 0.70710678 0.70710678
vn 1.00000000 0.0000000e+0 0.0000000e+0
vn 0.0000000e+0 0.70710678 -0.70710678
vn 0.0000000e+0 -0.70710678 -0.70710678
vn 1.00000000 0.0000000e+0 0.0000000e+0
vn 0.0000000e+0 0.70710678 -0.70710678
vn 0.0000000e+0 0.70710678 0.70710678
vn 1.00000000 0.0000000e+0 0.0000000e+0
vn 0.70710678 -0.70710678 0.0000000e+0
vn -5.6362293e-16 -4.8310537e-16 1.00000000
vn 0.70710678 0.70710678 0.0000000e+0
vn 0.70710678 -0.70710678 0.0000000e+0
vn 0.0000000e+0 0.0000000e+0 -1.00000000
vn 0.70710678 0.70710678 0.0000000e+0
vn -0.70710678 0.70710678 0.0000000e+0
vn -5.6362293e-16 -4.8310537e-16 1.00000000
vn 0.70710678 0.70710678 0.0000000e+0
vn -0.70710678 0.70710678 0.0000000e+0
vn 0.0000000e+0 0.0000000e+0 -1.00000000
vn 0.70710678 0.70710678 0.0000000e+0
vn 0.70710678 -0.70710678 0.0000000e+0
vn -5.6362293e-16 -4.8310537e-16 1.00000000
vn -0.70710678 -0.70710678 0.0000000e+0
vn 0.70710678 -0.70710678 0.0000000e+0
vn 0.0000000e+0 0.0000000e+0 -1.00000000
vn -0.70710678 -0.70710678 0.0000000e+0
vn -0.70710678 0.70710678 0.0000000e+0
vn -5.6362293e-16 -4.8310537e-16 1.00000000
vn -0.70710678 -0.70710678 0.0000000e+0
vn -0.70710678 0.70710678 0.0000000e+0
vn 0.0000000e+0 0.0000000e+0 -1.00000000
vn -0.70710678 -0.70710678 0.0000000e+0
g Cube1_Cube1_auv
usemtl Cube1_auv
s 1
f 2/95/4 4/96/10 3/26/7 1/25/1
f 5/103/13 7/104/19 8/34/22 6/33/16
f 9/250/25 13/236/37 14/235/40 10/249/28
f 12/405/34 16/414/46 15/415/43 11/406/31
f 18/113/52 20/114/58 19/44/55 17/43/49
f 21/93/61 23/94/67 24/24/70 22/23/64
f 25/428/74 29/429/86 30/360/89 26/359/77
f 28/451/83 32/452/95 31/385/92 27/384/80
f 33/395/99 37/391/111 38/390/114 34/394/102
f 36/416/108 40/418/120 39/419/117 35/417/105
f 41/370/121 45/368/133 46/367/136 42/369/124
f 44/420/130 48/436/142 47/437/139 43/421/127
f 50/126/149 54/169/161 56/170/167 52/127/155
f 51/254/152 55/246/164 53/245/158 49/253/146
f 58/177/174 62/198/186 64/199/192 60/178/180
f 59/256/177 63/248/189 61/247/183 57/255/171
f 66/232/196 68/212/200 67/193/198 65/160/194
f 70/263/203 72/264/207 71/258/205 69/257/201
f 74/205/211 76/174/215 75/234/213 73/214/209
f 78/135/219 80/134/223 79/161/221 77/162/217
f 82/188/228 84/90/232 83/121/230 81/183/226
f 85/176/234 87/120/238 88/215/240 86/187/236
f 90/131/244 92/185/248 91/190/246 89/92/242
f 93/233/249 95/213/253 96/204/255 94/173/251
s 2
f 1/389/3 5/374/15 6/373/18 2/388/6
f 4/396/12 8/403/24 7/404/21 3/397/9
f 10/97/30 12/98/36 11/28/33 9/27/27
f 13/105/39 15/106/45 16/36/48 14/35/42
f 17/447/50 21/448/62 22/381/65 18/380/53
f 20/426/59 24/427/71 23/358/68 19/357/56
f 26/430/76 28/431/82 27/362/79 25/361/73
f 29/117/85 31/118/91 32/48/94 30/47/88
f 34/99/101 36/100/107 35/30/104 33/29/98
f 37/422/110 39/423/116 40/338/119 38/337/113
f 42/128/125 46/171/137 48/172/143 44/129/131
f 43/242/128 47/231/140 45/230/134 41/241/122
f 49/449/145 53/450/157 54/383/160 50/382/148
f 52/109/154 56/110/166 55/40/163 51/39/151
f 57/111/170 61/112/182 62/42/185 58/41/173
f 60/107/179 64/108/191 63/38/188 59/37/176
f 65/163/193 67/164/197 68/137/199 66/136/195
f 69/119/202 71/175/206 72/186/208 70/89/204
f 73/123/210 75/122/214 76/132/216 74/133/212
f 77/189/218 79/91/222 80/130/224 78/184/220
f 81/219/225 83/197/229 84/196/231 82/218/227
f 86/165/235 88/191/239 87/192/237 85/166/233
