# Exported from Wings 3D 2.1.5
mtllib truss_largemedium.mtl
o Cube1
#168 vertices, 118 faces
v 1.35000000 -1.15064033 -1.50000000
v 1.35000000 -1.15064033 1.50000000
v 1.35000000 -0.85064033 -1.50000000
v 1.35000000 -0.85064033 1.50000000
v 1.65000000 -1.15064033 -1.50000000
v 1.65000000 -1.15064033 1.50000000
v 1.65000000 -0.85064033 -1.50000000
v 1.65000000 -0.85064033 1.50000000
v -1.65000000 -1.15064033 -1.50000000
v -1.65000000 -1.15064033 1.50000000
v -1.65000000 -0.85064033 -1.50000000
v -1.65000000 -0.85064033 1.50000000
v -1.35000000 -1.15064033 -1.50000000
v -1.35000000 -1.15064033 1.50000000
v -1.35000000 -0.85064033 -1.50000000
v -1.35000000 -0.85064033 1.50000000
v -1.50000000 -1.15064033 -1.35000000
v 1.50000000 -1.15064033 -1.35000000
v -1.50000000 -0.85064033 -1.35000000
v 1.50000000 -0.85064033 -1.35000000
v -1.50000000 -1.15064033 -1.65000000
v 1.50000000 -1.15064033 -1.65000000
v -1.50000000 -0.85064033 -1.65000000
v 1.50000000 -0.85064033 -1.65000000
v -1.50000000 -1.15064033 1.65000000
v 1.50000000 -1.15064033 1.65000000
v -1.50000000 -0.85064033 1.65000000
v 1.50000000 -0.85064033 1.65000000
v -1.50000000 -1.15064033 1.35000000
v 1.50000000 -1.15064033 1.35000000
v -1.50000000 -0.85064033 1.35000000
v 1.50000000 -0.85064033 1.35000000
v 1.36500000 -1.12072883 -1.24862160
v 1.48500000 -1.12072883 -1.24862160
v 1.36500000 -0.92789255 -1.47843494
v 1.48500000 -0.92789255 -1.47843494
v -1.36500000 -1.12072883 1.24862160
v -1.48500000 -1.12072883 1.24862160
v -1.36500000 -0.92789255 1.47843494
v -1.48500000 -0.92789255 1.47843494
v 1.24862160 -1.12072883 1.36500000
v 1.24862160 -1.12072883 1.48500000
v 1.47843494 -0.92789255 1.36500000
v 1.47843494 -0.92789255 1.48500000
v -1.24862160 -1.12072883 -1.36500000
v -1.24862160 -1.12072883 -1.48500000
v -1.47843494 -0.92789255 -1.36500000
v -1.47843494 -0.92789255 -1.48500000
v -1.55000000 -0.95000000 -1.55000000
v -1.55000000 -0.95000000 -1.45000000
v -1.55000000 0.95000000 -1.55000000
v -1.55000000 0.95000000 -1.45000000
v -1.45000000 -0.95000000 -1.55000000
v -1.45000000 -0.95000000 -1.45000000
v -1.45000000 0.95000000 -1.55000000
v -1.45000000 0.95000000 -1.45000000
v -1.55000000 -0.95000000 -1.55000000
v -1.55000000 -0.95000000 -1.45000000
v -1.55000000 0.95000000 -1.55000000
v -1.55000000 0.95000000 -1.45000000
v -1.45000000 -0.95000000 -1.55000000
v -1.45000000 -0.95000000 -1.45000000
v -1.45000000 0.95000000 -1.55000000
v -1.45000000 0.95000000 -1.45000000
v -1.60261941 -1.01562462 1.38946462
v -1.60404902 -0.97213094 1.47949936
v -1.57859471 1.01248849 0.34587124
v -1.58002433 1.05598217 0.43590599
v -1.50263464 -1.01590425 1.39118731
v -1.50406426 -0.97241057 1.48122206
v -1.47860994 1.01220885 0.34759393
v -1.48003956 1.05570253 0.43762868
v 1.39588188 -1.01562462 -1.46679185
v 1.48591663 -0.97213094 -1.46536223
v 0.35228850 1.01248849 -1.49081654
v 0.44232325 1.05598217 -1.48938693
v 1.39760457 -1.01590425 -1.56677662
v 1.48763932 -0.97241057 -1.56534700
v 0.35401120 1.01220885 -1.59080131
v 0.44404594 1.05570253 -1.58937170
v 1.37237901 -0.96166127 1.44308969
v 1.43030180 -0.90430363 1.50101248
v 0.39898752 1.00430363 0.46969820
v 0.45691031 1.06166127 0.52762099
v 1.44308969 -0.96166127 1.37237901
v 1.50101248 -0.90430363 1.43030180
v 0.46969820 1.00430363 0.39898752
v 0.52762099 1.06166127 0.45691031
v 0.40000000 0.89967984 -1.50000000
v 0.40000000 0.89967984 0.50000000
v 0.40000000 1.09967984 -1.50000000
v 0.40000000 1.09967984 0.50000000
v 0.60000000 0.89967984 -1.50000000
v 0.60000000 0.89967984 0.50000000
v 0.60000000 1.09967984 -1.50000000
v 0.60000000 1.09967984 0.50000000
v -1.60000000 0.89967984 -1.50000000
v -1.60000000 0.89967984 0.50000000
v -1.60000000 1.09967984 -1.50000000
v -1.60000000 1.09967984 0.50000000
v -1.40000000 0.89967984 -1.50000000
v -1.40000000 0.89967984 0.50000000
v -1.40000000 1.09967984 -1.50000000
v -1.40000000 1.09967984 0.50000000
v -1.50000000 0.89967984 -1.40000000
v 0.50000000 0.89967984 -1.40000000
v -1.50000000 1.09967984 -1.40000000
v 0.50000000 1.09967984 -1.40000000
v -1.50000000 0.89967984 -1.60000000
v 0.50000000 0.89967984 -1.60000000
v -1.50000000 1.09967984 -1.60000000
v 0.50000000 1.09967984 -1.60000000
v -1.50000000 0.89967984 0.60000000
v 0.50000000 0.89967984 0.60000000
v -1.50000000 1.09967984 0.60000000
v 0.50000000 1.09967984 0.60000000
v -1.50000000 0.89967984 0.40000000
v 0.50000000 0.89967984 0.40000000
v -1.50000000 1.09967984 0.40000000
v 0.50000000 1.09967984 0.40000000
v 0.41000000 0.91962083 -1.33241440
v 0.49000000 0.91962083 -1.33241440
v 0.41000000 1.04817835 -1.48562329
v 0.49000000 1.04817835 -1.48562329
v -1.41000000 0.91962083 0.33241440
v -1.49000000 0.91962083 0.33241440
v -1.41000000 1.04817835 0.48562329
v -1.49000000 1.04817835 0.48562329
v 0.33241440 0.91962083 0.41000000
v 0.33241440 0.91962083 0.49000000
v 0.48562329 1.04817835 0.41000000
v 0.48562329 1.04817835 0.49000000
v -1.33241440 0.91962083 -1.41000000
v -1.33241440 0.91962083 -1.49000000
v -1.48562329 1.04817835 -1.41000000
v -1.48562329 1.04817835 -1.49000000
v -1.45159114 -0.91169753 -1.48232233
v -1.55159099 -0.91152300 -1.48232233
v -1.44828560 0.98223357 0.41161165
v -1.54828545 0.98240810 0.41161165
v -1.45171455 -0.98240810 -1.41161165
v -1.55171440 -0.98223357 -1.41161165
v -1.44840901 0.91152300 0.48232233
v -1.54840886 0.91169753 0.48232233
v 1.37419065 -0.85055288 -1.41228011
v 1.37490148 -0.85379130 -1.51222513
v -1.42200339 0.93797976 -1.49011929
v -1.42129256 0.93474134 -1.59006432
v 1.32027583 -0.93474134 -1.40993568
v 1.32098666 -0.93797976 -1.50988071
v -1.47591820 0.85379130 -1.48777487
v -1.47520737 0.85055288 -1.58771989
v 1.44102739 -0.94838132 1.40483726
v 1.40297508 -0.87584083 1.46219490
v 0.48788089 0.86863604 -1.52549149
v 0.44982858 0.94117652 -1.46813385
v 1.52958297 -0.90192802 1.40483726
v 1.49153066 -0.82938754 1.46219490
v 0.57643647 0.91508933 -1.52549149
v 0.53838416 0.98762982 -1.46813385
v -1.53776461 -0.88789463 1.38644072
v -1.53776461 -0.84330609 1.47594973
v 0.46705393 0.90659852 0.49252141
v 0.46705393 0.95118706 0.58203042
v -1.46705393 -0.95118706 1.41796958
v -1.46705393 -0.90659852 1.50747859
v 0.53776461 0.84330609 0.52405027
v 0.53776461 0.88789463 0.61355928
vt 8.6451968e-3 6.9645533e-2
vt 8.6909448e-3 0.92903550
vt 8.9089114e-3 0.53234725
vt 1.0524801e-2 0.46632940
vt 2.6032572e-2 7.0004138e-2
vt 2.6076665e-2 0.92860407
vt 2.6294632e-2 0.53191581
vt 2.7660606e-2 0.90258081
vt 2.7660606e-2 0.92700505
vt 2.7912176e-2 0.46668800
vt 2.9393939e-2 0.60900000
vt 2.9393939e-2 0.63342424
vt 2.9393939e-2 0.63930303
vt 2.9393939e-2 0.66372727
vt 2.9393939e-2 0.73021212
vt 2.9393939e-2 0.75463636
vt 2.9393939e-2 0.76051515
vt 2.9393939e-2 0.78493939
vt 2.9393939e-2 0.88172727
vt 2.9393939e-2 0.90615152
vt 2.9393939e-2 0.94233333
vt 2.9393939e-2 0.96675758
vt 0.27190303 0.90258081
vt 0.27190303 0.92700505
vt 0.27363636 0.60900000
vt 0.27363636 0.63342424
vt 0.27363636 0.63930303
vt 0.27363636 0.66372727
vt 0.27363636 0.73021212
vt 0.27363636 0.75463636
vt 0.27363636 0.76051515
vt 0.27363636 0.78493939
vt 0.27363636 0.88172727
vt 0.27363636 0.90615152
vt 0.27363636 0.94233333
vt 0.27363636 0.96675758
vt 0.27936162 0.73899293
vt 0.27936162 0.76341717
vt 0.28112525 0.58747778
vt 0.28112525 0.61190202
vt 0.28913131 0.73899293
vt 0.28913131 0.76341717
vt 0.29148283 0.73899293
vt 0.29148283 0.76341717
vt 0.30125253 0.73899293
vt 0.30125253 0.76341717
vt 0.30554949 0.58747778
vt 0.30554949 0.61190202
vt 0.31142828 0.61778081
vt 0.31142828 0.64220505
vt 0.31142828 0.64808384
vt 0.31142828 0.67250808
vt 0.33567071 0.67662323
vt 0.33567071 0.68639293
vt 0.33567071 0.73722929
vt 0.33567071 0.74699899
vt 0.33585253 0.61778081
vt 0.33585253 0.64220505
vt 0.33585253 0.64808384
vt 0.33585253 0.67250808
vt 0.34173131 0.61778081
vt 0.34173131 0.64220505
vt 0.34173131 0.64808384
vt 0.34173131 0.67250808
vt 0.36009495 0.67662323
vt 0.36009495 0.68639293
vt 0.36009495 0.73722929
vt 0.36009495 0.74699899
vt 0.36615556 0.61778081
vt 0.36615556 0.64220505
vt 0.36615556 0.64808384
vt 0.36615556 0.67250808
vt 0.37203434 0.58747778
vt 0.37203434 0.61190202
vt 0.39028788 0.13391111
vt 0.39028788 0.37815354
vt 0.39645859 0.58747778
vt 0.39645859 0.61190202
vt 0.41471212 0.13391111
vt 0.41471212 0.37815354
vt 0.43264040 0.58747778
vt 0.43264040 0.61190202
vt 0.43264040 0.61778081
vt 0.43264040 0.64220505
vt 0.43907452 0.93699050
vt 0.43907452 0.49419050
vt 0.44647619 0.46975278
vt 0.45126508 0.49243056
vt 0.45145267 0.93699050
vt 0.45145267 0.49419050
vt 0.45706465 0.58747778
vt 0.45706465 0.61190202
vt 0.45706465 0.61778081
vt 0.45706465 0.64220505
vt 0.45714206 0.71901389
vt 0.45951190 0.46975278
vt 0.46383082 0.93699050
vt 0.46383082 0.49419050
vt 0.46430079 0.49243056
vt 0.46560873 0.58930278
vt 0.47030132 0.53693106
vt 0.47248027 7.6532245e-2
vt 0.47296544 0.45382393
vt 0.47298997 5.7135610e-2
vt 0.47391507 5.6570149e-2
vt 0.47414386 0.48964109
vt 0.47414386 6.1652688e-2
vt 0.47444442 0.45325811
vt 0.47456076 0.54168663
vt 0.47512049 0.49390964
vt 0.47591454 0.45091782
vt 0.47620897 0.93699050
vt 0.47620897 0.49419050
vt 0.47630189 0.93837112
vt 0.47658236 5.4230065e-2
vt 0.47697213 0.44976226
vt 0.47742189 0.93355546
vt 0.47763995 5.3074510e-2
vt 0.47928931 6.8179046e-2
vt 0.47928931 0.49028577
vt 0.48767608 0.53617807
vt 0.48858712 0.93699050
vt 0.48858712 0.49419050
vt 0.48882121 5.0816870e-2
vt 0.48882121 0.49086315
vt 0.48923916 0.48964109
vt 0.48923916 6.1652688e-2
vt 0.48973135 0.71901389
vt 0.48987099 7.6422235e-2
vt 0.49035651 0.45382217
vt 0.49038104 5.7133850e-2
vt 0.49130613 5.6544107e-2
vt 0.49183548 0.45323207
vt 0.49194800 0.54205130
vt 0.49210119 0.46975278
vt 0.49251121 0.49379963
vt 0.49330559 0.45094993
vt 0.49368914 0.93873580
vt 0.49397341 5.4262178e-2
vt 0.49436318 0.44979438
vt 0.49479666 0.93280248
vt 0.49503100 5.3106622e-2
vt 0.49504881 6.8179046e-2
vt 0.49504881 0.49028577
vt 0.49689008 0.49243056
vt 0.49819802 0.58930278
vt 0.50207489 5.0816870e-2
vt 0.50207489 0.49086315
vt 0.50276706 0.71901389
vt 0.50433447 0.48964109
vt 0.50433447 6.1652688e-2
vt 0.50513690 0.46975278
vt 0.50871996 0.47717891
vt 0.50929197 0.55588000
vt 0.50929197 0.88631038
vt 0.50992579 0.49243056
vt 0.51007212 0.88443260
vt 0.51007212 0.55400222
vt 0.51038978 0.88616594
vt 0.51038978 0.55573555
vt 0.51061399 5.9797454e-2
vt 0.51080831 6.8179046e-2
vt 0.51080831 0.49028577
vt 0.51093859 0.55486889
vt 0.51093859 0.88529927
vt 0.51123373 0.58930278
vt 0.51142986 0.88269927
vt 0.51142986 0.55226889
vt 0.51148760 0.88602149
vt 0.51148760 0.55559111
vt 0.51186300 0.55544666
vt 0.51186300 0.88587705
vt 0.51532857 5.0816870e-2
vt 0.51532857 0.49086315
vt 0.51942977 0.48964109
vt 0.51942977 6.1652688e-2
vt 0.52611086 0.47725782
vt 0.52656781 6.8179046e-2
vt 0.52656781 0.49028577
vt 0.52668304 0.55588000
vt 0.52668304 0.88631038
vt 0.52746319 0.55400222
vt 0.52746319 0.88443260
vt 0.52778085 0.88616594
vt 0.52778085 0.55573555
vt 0.52800489 5.9876372e-2
vt 0.52832967 0.55486889
vt 0.52832967 0.88529927
vt 0.52858225 5.0816870e-2
vt 0.52858225 0.49086315
vt 0.52882093 0.55226889
vt 0.52882093 0.88269927
vt 0.52887867 0.88602149
vt 0.52887867 0.55559111
vt 0.52925407 0.55544666
vt 0.52925407 0.88587705
vt 0.53452508 0.48964109
vt 0.53452508 6.1652688e-2
vt 0.53535635 0.71901389
vt 0.54183593 5.0816870e-2
vt 0.54183593 0.49086315
vt 0.54232731 6.8179046e-2
vt 0.54232731 0.49028577
vt 0.54382302 0.58930278
vt 0.57436869 0.69534040
vt 0.57436869 0.71976465
vt 0.57436869 0.72564343
vt 0.57436869 0.75006768
vt 0.57436869 0.78624949
vt 0.57436869 0.81067374
vt 0.64404646 0.19499697
vt 0.64404646 0.43923939
vt 0.65912020 0.63060606
vt 0.65912020 0.65503030
vt 0.65912020 0.69121212
vt 0.65912020 0.71563636
vt 0.66847071 0.19499697
vt 0.66847071 0.43923939
vt 0.70465253 0.19499697
vt 0.70465253 0.43923939
vt 0.72907677 0.19499697
vt 0.72907677 0.43923939
vt 0.73495556 0.19499697
vt 0.73495556 0.43923939
vt 0.75937980 0.19499697
vt 0.75937980 0.43923939
vt 0.81861111 0.69534040
vt 0.81861111 0.71976465
vt 0.81861111 0.72564343
vt 0.81861111 0.75006768
vt 0.81861111 0.78624949
vt 0.81861111 0.81067374
vt 0.90336263 0.63060606
vt 0.90336263 0.65503030
vt 0.90336263 0.69121212
vt 0.90336263 0.71563636
vt 0.97434093 0.52757538
vt 0.97521510 0.94496021
vt 0.97538670 6.7888889e-3
vt 0.97538670 0.33721927
vt 0.97649413 8.2689922e-2
vt 0.97676780 0.50007558
vt 0.99173197 0.52753895
vt 0.99260614 0.94492379
vt 0.99277778 6.7888889e-3
vt 0.99277778 0.33721927
vt 0.99388520 8.2678519e-2
vt 0.99415887 0.50006418
vn -1.00000000 0.0000000e+0 0.0000000e+0
vn 0.0000000e+0 0.0000000e+0 -1.00000000
vn 0.0000000e+0 -1.00000000 0.0000000e+0
vn -1.00000000 0.0000000e+0 0.0000000e+0
vn 0.0000000e+0 0.0000000e+0 1.00000000
vn 0.0000000e+0 -1.00000000 0.0000000e+0
vn -1.00000000 0.0000000e+0 0.0000000e+0
vn 0.0000000e+0 0.0000000e+0 -1.00000000
vn 0.0000000e+0 1.00000000 0.0000000e+0
vn -1.00000000 0.0000000e+0 0.0000000e+0
vn 0.0000000e+0 0.0000000e+0 1.00000000
vn 0.0000000e+0 1.00000000 0.0000000e+0
vn 1.00000000 0.0000000e+0 0.0000000e+0
vn 0.0000000e+0 0.0000000e+0 -1.00000000
vn 0.0000000e+0 -1.00000000 0.0000000e+0
vn 1.00000000 0.0000000e+0 0.0000000e+0
vn 0.0000000e+0 0.0000000e+0 1.00000000
vn 0.0000000e+0 -1.00000000 0.0000000e+0
vn 1.00000000 0.0000000e+0 0.0000000e+0
vn 0.0000000e+0 0.0000000e+0 -1.00000000
vn 0.0000000e+0 1.00000000 0.0000000e+0
vn 1.00000000 0.0000000e+0 0.0000000e+0
vn 0.0000000e+0 0.0000000e+0 1.00000000
vn 0.0000000e+0 1.00000000 0.0000000e+0
vn 0.0000000e+0 -1.00000000 0.0000000e+0
vn 0.0000000e+0 0.0000000e+0 -1.00000000
vn -1.00000000 0.0000000e+0 0.0000000e+0
vn 0.0000000e+0 -1.00000000 0.0000000e+0
vn 0.0000000e+0 0.0000000e+0 1.00000000
vn -1.00000000 0.0000000e+0 0.0000000e+0
vn 0.0000000e+0 1.00000000 0.0000000e+0
vn 0.0000000e+0 0.0000000e+0 -1.00000000
vn -1.00000000 0.0000000e+0 0.0000000e+0
vn 0.0000000e+0 1.00000000 0.0000000e+0
vn 0.0000000e+0 0.0000000e+0 1.00000000
vn -1.00000000 0.0000000e+0 0.0000000e+0
vn 0.0000000e+0 -1.00000000 0.0000000e+0
vn 0.0000000e+0 0.0000000e+0 -1.00000000
vn 1.00000000 0.0000000e+0 0.0000000e+0
vn 0.0000000e+0 -1.00000000 0.0000000e+0
vn 0.0000000e+0 0.0000000e+0 1.00000000
vn 1.00000000 0.0000000e+0 0.0000000e+0
vn 0.0000000e+0 1.00000000 0.0000000e+0
vn 0.0000000e+0 0.0000000e+0 -1.00000000
vn 1.00000000 0.0000000e+0 0.0000000e+0
vn 0.0000000e+0 1.00000000 0.0000000e+0
vn 0.0000000e+0 0.0000000e+0 1.00000000
vn 1.00000000 0.0000000e+0 0.0000000e+0
vn 0.0000000e+0 0.0000000e+0 1.00000000
vn 0.0000000e+0 -1.00000000 0.0000000e+0
vn -1.00000000 0.0000000e+0 0.0000000e+0
vn 0.0000000e+0 0.0000000e+0 1.00000000
vn 0.0000000e+0 -1.00000000 0.0000000e+0
vn 1.00000000 0.0000000e+0 0.0000000e+0
vn 0.0000000e+0 0.0000000e+0 1.00000000
vn 0.0000000e+0 1.00000000 0.0000000e+0
vn -1.00000000 0.0000000e+0 0.0000000e+0
vn 0.0000000e+0 0.0000000e+0 1.00000000
vn 0.0000000e+0 1.00000000 0.0000000e+0
vn 1.00000000 0.0000000e+0 0.0000000e+0
vn 0.0000000e+0 0.0000000e+0 -1.00000000
vn 0.0000000e+0 -1.00000000 0.0000000e+0
vn -1.00000000 0.0000000e+0 0.0000000e+0
vn 0.0000000e+0 0.0000000e+0 -1.00000000
vn 0.0000000e+0 -1.00000000 0.0000000e+0
vn 1.00000000 0.0000000e+0 0.0000000e+0
vn 0.0000000e+0 0.0000000e+0 -1.00000000
vn 0.0000000e+0 1.00000000 0.0000000e+0
vn -1.00000000 0.0000000e+0 0.0000000e+0
vn 0.0000000e+0 0.0000000e+0 -1.00000000
vn 0.0000000e+0 1.00000000 0.0000000e+0
vn 1.00000000 0.0000000e+0 0.0000000e+0
vn 0.0000000e+0 0.0000000e+0 1.00000000
vn 0.0000000e+0 -1.00000000 0.0000000e+0
vn -1.00000000 0.0000000e+0 0.0000000e+0
vn 0.0000000e+0 0.0000000e+0 1.00000000
vn 0.0000000e+0 -1.00000000 0.0000000e+0
vn 1.00000000 0.0000000e+0 0.0000000e+0
vn 0.0000000e+0 0.0000000e+0 1.00000000
vn 0.0000000e+0 1.00000000 0.0000000e+0
vn -1.00000000 0.0000000e+0 0.0000000e+0
vn 0.0000000e+0 0.0000000e+0 1.00000000
vn 0.0000000e+0 1.00000000 0.0000000e+0
vn 1.00000000 0.0000000e+0 0.0000000e+0
vn 0.0000000e+0 0.0000000e+0 -1.00000000
vn 0.0000000e+0 -1.00000000 0.0000000e+0
vn -1.00000000 0.0000000e+0 0.0000000e+0
vn 0.0000000e+0 0.0000000e+0 -1.00000000
vn 0.0000000e+0 -1.00000000 0.0000000e+0
vn 1.00000000 0.0000000e+0 0.0000000e+0
vn 0.0000000e+0 0.0000000e+0 -1.00000000
vn 0.0000000e+0 1.00000000 0.0000000e+0
vn -1.00000000 0.0000000e+0 0.0000000e+0
vn 0.0000000e+0 0.0000000e+0 -1.00000000
vn 0.0000000e+0 1.00000000 0.0000000e+0
vn 1.00000000 0.0000000e+0 0.0000000e+0
vn 0.0000000e+0 -0.76604446 -0.64278759
vn 0.0000000e+0 0.76604446 0.64278759
vn 0.0000000e+0 -0.76604446 -0.64278759
vn 0.0000000e+0 0.76604446 0.64278759
vn 0.0000000e+0 -0.76604446 -0.64278759
vn 0.0000000e+0 0.76604446 0.64278759
vn 0.0000000e+0 -0.76604446 -0.64278759
vn 0.0000000e+0 0.76604446 0.64278759
vn 0.0000000e+0 -0.76604446 0.64278759
vn 0.0000000e+0 0.76604446 -0.64278759
vn 0.0000000e+0 -0.76604446 0.64278759
vn 0.0000000e+0 0.76604446 -0.64278759
vn 0.0000000e+0 -0.76604446 0.64278759
vn 0.0000000e+0 0.76604446 -0.64278759
vn 0.0000000e+0 -0.76604446 0.64278759
vn 0.0000000e+0 0.76604446 -0.64278759
vn 0.64278759 -0.76604446 0.0000000e+0
vn -0.64278759 0.76604446 0.0000000e+0
vn 0.64278759 -0.76604446 0.0000000e+0
vn -0.64278759 0.76604446 0.0000000e+0
vn 0.64278759 -0.76604446 0.0000000e+0
vn -0.64278759 0.76604446 0.0000000e+0
vn 0.64278759 -0.76604446 0.0000000e+0
vn -0.64278759 0.76604446 0.0000000e+0
vn -0.64278759 -0.76604446 0.0000000e+0
vn 0.64278759 0.76604446 0.0000000e+0
vn -0.64278759 -0.76604446 0.0000000e+0
vn 0.64278759 0.76604446 0.0000000e+0
vn -0.64278759 -0.76604446 0.0000000e+0
vn 0.64278759 0.76604446 0.0000000e+0
vn -0.64278759 -0.76604446 0.0000000e+0
vn 0.64278759 0.76604446 0.0000000e+0
vn 0.0000000e+0 -1.00000000 0.0000000e+0
vn 0.0000000e+0 0.0000000e+0 -1.00000000
vn -1.00000000 0.0000000e+0 0.0000000e+0
vn 0.0000000e+0 -1.00000000 0.0000000e+0
vn 0.0000000e+0 0.0000000e+0 1.00000000
vn -1.00000000 0.0000000e+0 0.0000000e+0
vn 0.0000000e+0 1.00000000 0.0000000e+0
vn 0.0000000e+0 0.0000000e+0 -1.00000000
vn -1.00000000 0.0000000e+0 0.0000000e+0
vn 0.0000000e+0 1.00000000 0.0000000e+0
vn 0.0000000e+0 0.0000000e+0 1.00000000
vn -1.00000000 0.0000000e+0 0.0000000e+0
vn 0.0000000e+0 -1.00000000 0.0000000e+0
vn 0.0000000e+0 0.0000000e+0 -1.00000000
vn 1.00000000 0.0000000e+0 0.0000000e+0
vn 0.0000000e+0 -1.00000000 0.0000000e+0
vn 0.0000000e+0 0.0000000e+0 1.00000000
vn 1.00000000 0.0000000e+0 0.0000000e+0
vn 0.0000000e+0 1.00000000 0.0000000e+0
vn 0.0000000e+0 0.0000000e+0 -1.00000000
vn 1.00000000 0.0000000e+0 0.0000000e+0
vn 0.0000000e+0 1.00000000 0.0000000e+0
vn 0.0000000e+0 0.0000000e+0 1.00000000
vn 1.00000000 0.0000000e+0 0.0000000e+0
vn 0.0000000e+0 -1.00000000 0.0000000e+0
vn 0.0000000e+0 0.0000000e+0 -1.00000000
vn -1.00000000 0.0000000e+0 0.0000000e+0
vn 0.0000000e+0 -1.00000000 0.0000000e+0
vn 0.0000000e+0 0.0000000e+0 1.00000000
vn -1.00000000 0.0000000e+0 0.0000000e+0
vn 0.0000000e+0 1.00000000 0.0000000e+0
vn 0.0000000e+0 0.0000000e+0 -1.00000000
vn -1.00000000 0.0000000e+0 0.0000000e+0
vn 0.0000000e+0 1.00000000 0.0000000e+0
vn 0.0000000e+0 0.0000000e+0 1.00000000
vn -1.00000000 0.0000000e+0 0.0000000e+0
vn 0.0000000e+0 -1.00000000 0.0000000e+0
vn 0.0000000e+0 0.0000000e+0 -1.00000000
vn 1.00000000 0.0000000e+0 0.0000000e+0
vn 0.0000000e+0 -1.00000000 0.0000000e+0
vn 0.0000000e+0 0.0000000e+0 1.00000000
vn 1.00000000 0.0000000e+0 0.0000000e+0
vn 0.0000000e+0 1.00000000 0.0000000e+0
vn 0.0000000e+0 0.0000000e+0 -1.00000000
vn 1.00000000 0.0000000e+0 0.0000000e+0
vn 0.0000000e+0 1.00000000 0.0000000e+0
vn 0.0000000e+0 0.0000000e+0 1.00000000
vn 1.00000000 0.0000000e+0 0.0000000e+0
vn -1.0010289e-2 -0.90045664 0.43483057
vn 1.4037746e-2 -0.45762987 -0.88903197
vn -0.99984605 2.9431711e-3 -1.7297840e-2
vn -1.0010289e-2 -0.90045664 0.43483057
vn -1.4037746e-2 0.45762987 0.88903197
vn -0.99984605 2.9431711e-3 -1.7297840e-2
vn 1.0010289e-2 0.90045664 -0.43483057
vn 1.4037746e-2 -0.45762987 -0.88903197
vn -0.99984605 2.9431711e-3 -1.7297840e-2
vn 1.0010289e-2 0.90045664 -0.43483057
vn -1.4037746e-2 0.45762987 0.88903197
vn -0.99984605 2.9431711e-3 -1.7297840e-2
vn -1.0010289e-2 -0.90045664 0.43483057
vn 1.4037746e-2 -0.45762987 -0.88903197
vn 0.99984605 -2.9431711e-3 1.7297840e-2
vn -1.0010289e-2 -0.90045664 0.43483057
vn -1.4037746e-2 0.45762987 0.88903197
vn 0.99984605 -2.9431711e-3 1.7297840e-2
vn 1.0010289e-2 0.90045664 -0.43483057
vn 1.4037746e-2 -0.45762987 -0.88903197
vn 0.99984605 -2.9431711e-3 1.7297840e-2
vn 1.0010289e-2 0.90045664 -0.43483057
vn -1.4037746e-2 0.45762987 0.88903197
vn 0.99984605 -2.9431711e-3 1.7297840e-2
vn 0.43483057 -0.90045664 1.0010289e-2
vn -0.88903197 -0.45762987 -1.4037746e-2
vn -1.7297840e-2 2.9431711e-3 0.99984605
vn 0.43483057 -0.90045664 1.0010289e-2
vn 0.88903197 0.45762987 1.4037746e-2
vn -1.7297840e-2 2.9431711e-3 0.99984605
vn -0.43483057 0.90045664 -1.0010289e-2
vn -0.88903197 -0.45762987 -1.4037746e-2
vn -1.7297840e-2 2.9431711e-3 0.99984605
vn -0.43483057 0.90045664 -1.0010289e-2
vn 0.88903197 0.45762987 1.4037746e-2
vn -1.7297840e-2 2.9431711e-3 0.99984605
vn 0.43483057 -0.90045664 1.0010289e-2
vn -0.88903197 -0.45762987 -1.4037746e-2
vn 1.7297840e-2 -2.9431711e-3 -0.99984605
vn 0.43483057 -0.90045664 1.0010289e-2
vn 0.88903197 0.45762987 1.4037746e-2
vn 1.7297840e-2 -2.9431711e-3 -0.99984605
vn -0.43483057 0.90045664 -1.0010289e-2
vn -0.88903197 -0.45762987 -1.4037746e-2
vn 1.7297840e-2 -2.9431711e-3 -0.99984605
vn -0.43483057 0.90045664 -1.0010289e-2
vn 0.88903197 0.45762987 1.4037746e-2
vn 1.7297840e-2 -2.9431711e-3 -0.99984605
vn 0.40557979 -0.81915204 0.40557979
vn -0.57922797 -0.57357644 -0.57922797
vn -0.70710678 -4.6259293e-16 0.70710678
vn 0.40557979 -0.81915204 0.40557979
vn 0.57922797 0.57357644 0.57922797
vn -0.70710678 -4.6259293e-16 0.70710678
vn -0.40557979 0.81915204 -0.40557979
vn -0.57922797 -0.57357644 -0.57922797
vn -0.70710678 -4.6259293e-16 0.70710678
vn -0.40557979 0.81915204 -0.40557979
vn 0.57922797 0.57357644 0.57922797
vn -0.70710678 -4.6259293e-16 0.70710678
vn 0.40557979 -0.81915204 0.40557979
vn -0.57922797 -0.57357644 -0.57922797
vn 0.70710678 4.6259293e-16 -0.70710678
vn 0.40557979 -0.81915204 0.40557979
vn 0.57922797 0.57357644 0.57922797
vn 0.70710678 4.6259293e-16 -0.70710678
vn -0.40557979 0.81915204 -0.40557979
vn -0.57922797 -0.57357644 -0.57922797
vn 0.70710678 4.6259293e-16 -0.70710678
vn -0.40557979 0.81915204 -0.40557979
vn 0.57922797 0.57357644 0.57922797
vn 0.70710678 4.6259293e-16 -0.70710678
vn -1.00000000 0.0000000e+0 0.0000000e+0
vn 0.0000000e+0 0.0000000e+0 -1.00000000
vn 0.0000000e+0 -1.00000000 0.0000000e+0
vn -1.00000000 0.0000000e+0 0.0000000e+0
vn 0.0000000e+0 0.0000000e+0 1.00000000
vn 0.0000000e+0 -1.00000000 0.0000000e+0
vn -1.00000000 0.0000000e+0 0.0000000e+0
vn 0.0000000e+0 0.0000000e+0 -1.00000000
vn 0.0000000e+0 1.00000000 0.0000000e+0
vn -1.00000000 0.0000000e+0 0.0000000e+0
vn 0.0000000e+0 0.0000000e+0 1.00000000
vn 0.0000000e+0 1.00000000 0.0000000e+0
vn 1.00000000 0.0000000e+0 0.0000000e+0
vn 0.0000000e+0 0.0000000e+0 -1.00000000
vn 0.0000000e+0 -1.00000000 0.0000000e+0
vn 1.00000000 0.0000000e+0 0.0000000e+0
vn 0.0000000e+0 0.0000000e+0 1.00000000
vn 0.0000000e+0 -1.00000000 0.0000000e+0
vn 1.00000000 0.0000000e+0 0.0000000e+0
vn 0.0000000e+0 0.0000000e+0 -1.00000000
vn 0.0000000e+0 1.00000000 0.0000000e+0
vn 1.00000000 0.0000000e+0 0.0000000e+0
vn 0.0000000e+0 0.0000000e+0 1.00000000
vn 0.0000000e+0 1.00000000 0.0000000e+0
vn 0.0000000e+0 -1.00000000 0.0000000e+0
vn 0.0000000e+0 0.0000000e+0 -1.00000000
vn -1.00000000 0.0000000e+0 0.0000000e+0
vn 0.0000000e+0 -1.00000000 0.0000000e+0
vn 0.0000000e+0 0.0000000e+0 1.00000000
vn -1.00000000 0.0000000e+0 0.0000000e+0
vn 0.0000000e+0 1.00000000 0.0000000e+0
vn 0.0000000e+0 0.0000000e+0 -1.00000000
vn -1.00000000 0.0000000e+0 0.0000000e+0
vn 0.0000000e+0 1.00000000 0.0000000e+0
vn 0.0000000e+0 0.0000000e+0 1.00000000
vn -1.00000000 0.0000000e+0 0.0000000e+0
vn 0.0000000e+0 -1.00000000 0.0000000e+0
vn 0.0000000e+0 0.0000000e+0 -1.00000000
vn 1.00000000 0.0000000e+0 0.0000000e+0
vn 0.0000000e+0 -1.00000000 0.0000000e+0
vn 0.0000000e+0 0.0000000e+0 1.00000000
vn 1.00000000 0.0000000e+0 0.0000000e+0
vn 0.0000000e+0 1.00000000 0.0000000e+0
vn 0.0000000e+0 0.0000000e+0 -1.00000000
vn 1.00000000 0.0000000e+0 0.0000000e+0
vn 0.0000000e+0 1.00000000 0.0000000e+0
vn 0.0000000e+0 0.0000000e+0 1.00000000
vn 1.00000000 0.0000000e+0 0.0000000e+0
vn 0.0000000e+0 0.0000000e+0 1.00000000
vn 0.0000000e+0 -1.00000000 0.0000000e+0
vn -1.00000000 0.0000000e+0 0.0000000e+0
vn 0.0000000e+0 0.0000000e+0 1.00000000
vn 0.0000000e+0 -1.00000000 0.0000000e+0
vn 1.00000000 0.0000000e+0 0.0000000e+0
vn 0.0000000e+0 0.0000000e+0 1.00000000
vn 0.0000000e+0 1.00000000 0.0000000e+0
vn -1.00000000 0.0000000e+0 0.0000000e+0
vn 0.0000000e+0 0.0000000e+0 1.00000000
vn 0.0000000e+0 1.00000000 0.0000000e+0
vn 1.00000000 0.0000000e+0 0.0000000e+0
vn 0.0000000e+0 0.0000000e+0 -1.00000000
vn 0.0000000e+0 -1.00000000 0.0000000e+0
vn -1.00000000 0.0000000e+0 0.0000000e+0
vn 0.0000000e+0 0.0000000e+0 -1.00000000
vn 0.0000000e+0 -1.00000000 0.0000000e+0
vn 1.00000000 0.0000000e+0 0.0000000e+0
vn 0.0000000e+0 0.0000000e+0 -1.00000000
vn 0.0000000e+0 1.00000000 0.0000000e+0
vn -1.00000000 0.0000000e+0 0.0000000e+0
vn 0.0000000e+0 0.0000000e+0 -1.00000000
vn 0.0000000e+0 1.00000000 0.0000000e+0
vn 1.00000000 0.0000000e+0 0.0000000e+0
vn 0.0000000e+0 0.0000000e+0 1.00000000
vn 0.0000000e+0 -1.00000000 0.0000000e+0
vn -1.00000000 0.0000000e+0 0.0000000e+0
vn 0.0000000e+0 0.0000000e+0 1.00000000
vn 0.0000000e+0 -1.00000000 0.0000000e+0
vn 1.00000000 0.0000000e+0 0.0000000e+0
vn 0.0000000e+0 0.0000000e+0 1.00000000
vn 0.0000000e+0 1.00000000 0.0000000e+0
vn -1.00000000 0.0000000e+0 0.0000000e+0
vn 0.0000000e+0 0.0000000e+0 1.00000000
vn 0.0000000e+0 1.00000000 0.0000000e+0
vn 1.00000000 0.0000000e+0 0.0000000e+0
vn 0.0000000e+0 0.0000000e+0 -1.00000000
vn 0.0000000e+0 -1.00000000 0.0000000e+0
vn -1.00000000 0.0000000e+0 0.0000000e+0
vn 0.0000000e+0 0.0000000e+0 -1.00000000
vn 0.0000000e+0 -1.00000000 0.0000000e+0
vn 1.00000000 0.0000000e+0 0.0000000e+0
vn 0.0000000e+0 0.0000000e+0 -1.00000000
vn 0.0000000e+0 1.00000000 0.0000000e+0
vn -1.00000000 0.0000000e+0 0.0000000e+0
vn 0.0000000e+0 0.0000000e+0 -1.00000000
vn 0.0000000e+0 1.00000000 0.0000000e+0
vn 1.00000000 0.0000000e+0 0.0000000e+0
vn 0.0000000e+0 -0.76604445 -0.64278760
vn 0.0000000e+0 0.76604445 0.64278760
vn 0.0000000e+0 -0.76604445 -0.64278760
vn 0.0000000e+0 0.76604445 0.64278760
vn 0.0000000e+0 -0.76604445 -0.64278760
vn 0.0000000e+0 0.76604445 0.64278760
vn 0.0000000e+0 -0.76604445 -0.64278760
vn 0.0000000e+0 0.76604445 0.64278760
vn 0.0000000e+0 -0.76604445 0.64278760
vn 0.0000000e+0 0.76604445 -0.64278760
vn 0.0000000e+0 -0.76604445 0.64278760
vn 0.0000000e+0 0.76604445 -0.64278760
vn 0.0000000e+0 -0.76604445 0.64278760
vn 0.0000000e+0 0.76604445 -0.64278760
vn 0.0000000e+0 -0.76604445 0.64278760
vn 0.0000000e+0 0.76604445 -0.64278760
vn 0.64278760 -0.76604445 0.0000000e+0
vn -0.64278760 0.76604445 0.0000000e+0
vn 0.64278760 -0.76604445 0.0000000e+0
vn -0.64278760 0.76604445 0.0000000e+0
vn 0.64278760 -0.76604445 0.0000000e+0
vn -0.64278760 0.76604445 0.0000000e+0
vn 0.64278760 -0.76604445 0.0000000e+0
vn -0.64278760 0.76604445 0.0000000e+0
vn -0.64278760 -0.76604445 0.0000000e+0
vn 0.64278760 0.76604445 0.0000000e+0
vn -0.64278760 -0.76604445 0.0000000e+0
vn 0.64278760 0.76604445 0.0000000e+0
vn -0.64278760 -0.76604445 0.0000000e+0
vn 0.64278760 0.76604445 0.0000000e+0
vn -0.64278760 -0.76604445 0.0000000e+0
vn 0.64278760 0.76604445 0.0000000e+0
vn -1.2341335e-3 -0.70710570 -0.70710678
vn 0.99999848 -1.7453284e-3 5.5213440e-16
vn 1.2341335e-3 0.70710570 -0.70710678
vn -1.2341335e-3 -0.70710570 -0.70710678
vn -0.99999848 1.7453284e-3 1.8312728e-15
vn 1.2341335e-3 0.70710570 -0.70710678
vn 1.2341335e-3 0.70710570 0.70710678
vn 0.99999848 -1.7453284e-3 5.5213440e-16
vn 1.2341335e-3 0.70710570 -0.70710678
vn 1.2341335e-3 0.70710570 0.70710678
vn -0.99999848 1.7453284e-3 1.8312728e-15
vn 1.2341335e-3 0.70710570 -0.70710678
vn -1.2341335e-3 -0.70710570 -0.70710678
vn 0.99999848 -1.7453284e-3 5.5213440e-16
vn -1.2341335e-3 -0.70710570 0.70710678
vn -1.2341335e-3 -0.70710570 -0.70710678
vn -0.99999848 1.7453284e-3 1.8312728e-15
vn -1.2341335e-3 -0.70710570 0.70710678
vn 1.2341335e-3 0.70710570 0.70710678
vn 0.99999848 -1.7453284e-3 5.5213440e-16
vn -1.2341335e-3 -0.70710570 0.70710678
vn 1.2341335e-3 0.70710570 0.70710678
vn -0.99999848 1.7453284e-3 1.8312728e-15
vn -1.2341335e-3 -0.70710570 0.70710678
vn 0.84218093 -0.53868511 2.3444251e-2
vn -7.1082843e-3 3.2384227e-2 0.99945022
vn 0.53914817 0.84188456 -2.3444251e-2
vn 0.84218093 -0.53868511 2.3444251e-2
vn 7.1082843e-3 -3.2384227e-2 -0.99945022
vn 0.53914817 0.84188456 -2.3444251e-2
vn -0.84218093 0.53868511 -2.3444251e-2
vn -7.1082843e-3 3.2384227e-2 0.99945022
vn 0.53914817 0.84188456 -2.3444251e-2
vn -0.84218093 0.53868511 -2.3444251e-2
vn 7.1082843e-3 -3.2384227e-2 -0.99945022
vn 0.53914817 0.84188456 -2.3444251e-2
vn 0.84218093 -0.53868511 2.3444251e-2
vn -7.1082843e-3 3.2384227e-2 0.99945022
vn -0.53914817 -0.84188456 2.3444251e-2
vn 0.84218093 -0.53868511 2.3444251e-2
vn 7.1082843e-3 -3.2384227e-2 -0.99945022
vn -0.53914817 -0.84188456 2.3444251e-2
vn -0.84218093 0.53868511 -2.3444251e-2
vn -7.1082843e-3 3.2384227e-2 0.99945022
vn -0.53914817 -0.84188456 2.3444251e-2
vn -0.84218093 0.53868511 -2.3444251e-2
vn 7.1082843e-3 -3.2384227e-2 -0.99945022
vn -0.53914817 -0.84188456 2.3444251e-2
vn 0.26644516 -0.50793396 0.81915204
vn 0.38052312 -0.72540487 -0.57357644
vn -0.88555583 -0.46453296 -3.1035475e-16
vn 0.26644516 -0.50793396 0.81915204
vn -0.38052312 0.72540487 0.57357644
vn -0.88555583 -0.46453296 -3.1035475e-16
vn -0.26644516 0.50793396 -0.81915204
vn 0.38052312 -0.72540487 -0.57357644
vn -0.88555583 -0.46453296 -3.1035475e-16
vn -0.26644516 0.50793396 -0.81915204
vn -0.38052312 0.72540487 0.57357644
vn -0.88555583 -0.46453296 -3.1035475e-16
vn 0.26644516 -0.50793396 0.81915204
vn 0.38052312 -0.72540487 -0.57357644
vn 0.88555583 0.46453296 6.2070951e-16
vn 0.26644516 -0.50793396 0.81915204
vn -0.38052312 0.72540487 0.57357644
vn 0.88555583 0.46453296 6.2070951e-16
vn -0.26644516 0.50793396 -0.81915204
vn 0.38052312 -0.72540487 -0.57357644
vn 0.88555583 0.46453296 6.2070951e-16
vn -0.26644516 0.50793396 -0.81915204
vn -0.38052312 0.72540487 0.57357644
vn 0.88555583 0.46453296 6.2070951e-16
vn -0.70710678 -0.63292425 0.31528859
vn 3.9157969e-16 -0.44588539 -0.89509006
vn -0.70710678 0.63292425 -0.31528859
vn -0.70710678 -0.63292425 0.31528859
vn 2.3494782e-15 0.44588539 0.89509006
vn -0.70710678 0.63292425 -0.31528859
vn 0.70710678 0.63292425 -0.31528859
vn 3.9157969e-16 -0.44588539 -0.89509006
vn -0.70710678 0.63292425 -0.31528859
vn 0.70710678 0.63292425 -0.31528859
vn 2.3494782e-15 0.44588539 0.89509006
vn -0.70710678 0.63292425 -0.31528859
vn -0.70710678 -0.63292425 0.31528859
vn 3.9157969e-16 -0.44588539 -0.89509006
vn 0.70710678 -0.63292425 0.31528859
vn -0.70710678 -0.63292425 0.31528859
vn 2.3494782e-15 0.44588539 0.89509006
vn 0.70710678 -0.63292425 0.31528859
vn 0.70710678 0.63292425 -0.31528859
vn 3.9157969e-16 -0.44588539 -0.89509006
vn 0.70710678 -0.63292425 0.31528859
vn 0.70710678 0.63292425 -0.31528859
vn 2.3494782e-15 0.44588539 0.89509006
vn 0.70710678 -0.63292425 0.31528859
g Cube1_Cube1_auv
usemtl Cube1_auv
s 1
f 2/25/4 4/26/10 3/12/7 1/11/1
f 5/29/13 7/30/19 8/16/22 6/15/16
f 9/80/25 13/76/37 14/75/40 10/79/28
f 12/223/34 16/225/46 15/226/43 11/224/31
f 18/33/52 20/34/58 19/20/55 17/19/49
f 21/23/61 23/24/67 24/9/70 22/8/64
f 26/231/76 28/232/82 27/210/79 25/209/73
f 29/35/85 31/36/91 32/22/94 30/21/88
f 34/199/100 36/149/104 35/128/102 33/95/98
f 38/146/108 40/100/112 39/204/110 37/166/106
f 42/152/116 44/87/120 43/96/118 41/135/114
f 46/99/124 48/145/128 47/156/126 45/88/122
f 50/194/134 52/193/140 51/169/137 49/170/131
f 53/182/143 55/183/149 56/157/152 54/158/146
f 66/7/182 68/6/188 67/2/185 65/3/179
f 69/134/191 71/138/197 72/114/200 70/109/194
f 74/115/205 78/139/217 80/137/223 76/111/211
f 75/130/208 79/103/220 77/104/214 73/131/202
f 82/102/229 86/129/241 88/136/247 84/110/235
f 83/248/232 87/242/244 85/241/238 81/247/226
f 90/25/252 92/26/258 91/12/255 89/11/249
f 93/29/261 95/30/267 96/16/270 94/15/264
f 98/27/278 100/28/284 99/14/281 97/13/275
f 101/31/287 103/32/293 104/18/296 102/17/290
f 106/81/302 110/91/314 112/92/320 108/82/308
f 107/70/305 111/62/317 109/61/311 105/69/299
f 114/231/324 116/232/330 115/210/327 113/209/321
f 117/35/333 119/36/339 120/22/342 118/21/336
f 122/199/348 124/149/352 123/128/350 121/95/346
f 125/38/353 127/37/357 128/41/359 126/42/355
f 129/68/361 131/56/365 132/55/367 130/67/363
f 133/53/369 135/65/373 136/66/375 134/54/371
f 138/179/381 142/163/393 144/162/399 140/178/387
f 139/119/384 143/143/396 141/144/390 137/120/378
f 162/126/454 164/127/460 163/151/457 161/150/451
f 165/175/463 167/176/469 168/198/472 166/197/466
s 2
f 2/73/5 6/77/17 8/78/23 4/74/11
f 3/58/8 7/50/20 5/49/14 1/57/2
f 10/27/30 12/28/36 11/14/33 9/13/27
f 13/31/39 15/32/45 16/18/48 14/17/42
f 17/233/50 21/234/62 22/214/65 18/213/53
f 20/227/59 24/228/71 23/206/68 19/205/56
f 25/229/74 29/230/86 30/208/89 26/207/77
f 28/235/83 32/236/95 31/216/92 27/215/80
f 33/45/97 35/46/101 36/44/103 34/43/99
f 37/38/105 39/37/109 40/41/111 38/42/107
f 41/68/113 43/56/117 44/55/119 42/67/115
f 45/53/121 47/65/125 48/66/127 46/54/123
f 58/185/158 60/184/164 59/159/161 57/160/155
f 61/191/167 63/192/173 64/167/176 62/168/170
f 66/118/181 70/142/193 72/140/199 68/116/187
f 67/133/184 71/108/196 69/105/190 65/132/178
f 82/243/230 84/244/236 83/238/233 81/237/227
f 85/186/239 87/177/245 88/153/248 86/161/242
f 90/73/253 94/77/265 96/78/271 92/74/259
f 91/58/256 95/50/268 93/49/262 89/57/250
f 97/80/273 101/76/285 102/75/288 98/79/276
f 100/223/282 104/225/294 103/226/291 99/224/279
f 106/33/300 108/34/306 107/20/303 105/19/297
f 109/23/309 111/24/315 112/9/318 110/8/312
f 113/229/322 117/230/334 118/208/337 114/207/325
f 116/235/331 120/236/343 119/216/340 115/215/328
f 121/45/345 123/46/349 124/44/351 122/43/347
f 126/146/356 128/100/360 127/204/358 125/166/354
f 130/152/364 132/87/368 131/96/366 129/135/362
f 134/99/372 136/145/376 135/156/374 133/88/370
f 138/179/382 140/178/388 139/202/385 137/203/379
f 141/144/391 143/143/397 144/162/400 142/163/394
f 146/190/405 150/174/417 152/173/423 148/189/411
f 147/124/408 151/147/420 149/148/414 145/125/402
f 154/89/429 158/85/441 160/86/447 156/90/435
f 155/98/432 159/113/444 157/112/438 153/97/426
f 162/126/453 166/106/465 168/107/471 164/127/459
f 163/151/456 167/176/468 165/175/462 161/150/450
s 3
f 1/218/3 5/212/15 6/211/18 2/217/6
f 4/219/12 8/221/24 7/222/21 3/220/9
f 10/83/29 14/93/41 16/94/47 12/84/35
f 11/60/32 15/52/44 13/51/38 9/59/26
f 18/81/54 22/91/66 24/92/72 20/82/60
f 19/70/57 23/62/69 21/61/63 17/69/51
f 26/39/78 30/47/90 32/48/96 28/40/84
f 27/72/81 31/64/93 29/63/87 25/71/75
f 50/171/133 54/195/145 56/196/151 52/172/139
f 51/181/136 55/155/148 53/154/142 49/180/130
f 58/239/157 62/245/169 64/246/175 60/240/163
f 59/188/160 63/165/172 61/164/166 57/187/154
f 74/121/206 76/141/212 75/117/209 73/101/203
f 77/5/215 79/10/221 80/4/224 78/1/218
f 89/218/251 93/212/263 94/211/266 90/217/254
f 92/219/260 96/221/272 95/222/269 91/220/257
f 98/83/277 102/93/289 104/94/295 100/84/283
f 99/60/280 103/52/292 101/51/286 97/59/274
f 105/233/298 109/234/310 110/214/313 106/213/301
f 108/227/307 112/228/319 111/206/316 107/205/304
f 114/39/326 118/47/338 120/48/344 116/40/332
f 115/72/329 119/64/341 117/63/335 113/71/323
f 146/190/406 148/189/412 147/200/409 145/201/403
f 149/148/415 151/147/421 152/173/424 150/174/418
f 154/89/430 156/90/436 155/98/433 153/97/427
f 157/112/439 159/113/445 160/123/448 158/122/442
g Cube1_default
usemtl default
s 1
f 57//153 61//165 62//168 58//156
f 60//162 64//174 63//171 59//159
f 145//401 149//413 150//416 146//404
f 148//410 152//422 151//419 147//407
f 153//425 157//437 158//440 154//428
f 156//434 160//446 159//443 155//431
s 2
f 49//129 53//141 54//144 50//132
f 52//138 56//150 55//147 51//135
f 73//201 77//213 78//216 74//204
f 76//210 80//222 79//219 75//207
s 3
f 65//177 69//189 70//192 66//180
f 68//186 72//198 71//195 67//183
f 81//225 85//237 86//240 82//228
f 84//234 88//246 87//243 83//231
f 137//377 141//389 142//392 138//380
f 140//386 144//398 143//395 139//383
f 161//449 165//461 166//464 162//452
f 164//458 168//470 167//467 163//455
