# Exported from Wings 3D 2.1.5
mtllib truss_smallmedium.mtl
o Cube1
#192 vertices, 136 faces
v 0.90000000 -0.60032016 -1.00000000
v 0.90000000 -0.60032016 1.00000000
v 0.90000000 -0.40032016 -1.00000000
v 0.90000000 -0.40032016 1.00000000
v 1.10000000 -0.60032016 -1.00000000
v 1.10000000 -0.60032016 1.00000000
v 1.10000000 -0.40032016 -1.00000000
v 1.10000000 -0.40032016 1.00000000
v -1.10000000 -0.60032016 -1.00000000
v -1.10000000 -0.60032016 1.00000000
v -1.10000000 -0.40032016 -1.00000000
v -1.10000000 -0.40032016 1.00000000
v -0.90000000 -0.60032016 -1.00000000
v -0.90000000 -0.60032016 1.00000000
v -0.90000000 -0.40032016 -1.00000000
v -0.90000000 -0.40032016 1.00000000
v -1.00000000 -0.60032016 -0.90000000
v 1.00000000 -0.60032016 -0.90000000
v -1.00000000 -0.40032016 -0.90000000
v 1.00000000 -0.40032016 -0.90000000
v -1.00000000 -0.60032016 -1.10000000
v 1.00000000 -0.60032016 -1.10000000
v -1.00000000 -0.40032016 -1.10000000
v 1.00000000 -0.40032016 -1.10000000
v -1.00000000 -0.60032016 1.10000000
v 1.00000000 -0.60032016 1.10000000
v -1.00000000 -0.40032016 1.10000000
v 1.00000000 -0.40032016 1.10000000
v -1.00000000 -0.60032016 0.90000000
v 1.00000000 -0.60032016 0.90000000
v -1.00000000 -0.40032016 0.90000000
v 1.00000000 -0.40032016 0.90000000
v 0.91000000 -0.43878803 -0.79594963
v 0.99000000 -0.43878803 -0.79594963
v 0.91000000 -0.56734556 -0.94915852
v 0.99000000 -0.56734556 -0.94915852
v -0.91000000 -0.43878803 0.79594963
v -0.99000000 -0.43878803 0.79594963
v -0.91000000 -0.56734556 0.94915852
v -0.99000000 -0.56734556 0.94915852
v 0.79594963 -0.43878803 0.91000000
v 0.79594963 -0.43878803 0.99000000
v 0.94915852 -0.56734556 0.91000000
v 0.94915852 -0.56734556 0.99000000
v -0.79594963 -0.43878803 -0.91000000
v -0.79594963 -0.43878803 -0.99000000
v -0.94915852 -0.56734556 -0.91000000
v -0.94915852 -0.56734556 -0.99000000
v -1.05000000 -0.50000000 -1.05000000
v -1.05000000 -0.50000000 -0.95000000
v -1.05000000 0.50000000 -1.05000000
v -1.05000000 0.50000000 -0.95000000
v -0.95000000 -0.50000000 -1.05000000
v -0.95000000 -0.50000000 -0.95000000
v -0.95000000 0.50000000 -1.05000000
v -0.95000000 0.50000000 -0.95000000
v -1.05000000 -0.50000000 -1.05000000
v -1.05000000 -0.50000000 -0.95000000
v -1.05000000 0.50000000 -1.05000000
v -1.05000000 0.50000000 -0.95000000
v -0.95000000 -0.50000000 -1.05000000
v -0.95000000 -0.50000000 -0.95000000
v -0.95000000 0.50000000 -1.05000000
v -0.95000000 0.50000000 -0.95000000
v 0.86312505 -0.49742010 0.93383573
v 0.90628839 -0.41821244 0.97699906
v -4.3555314e-2 0.49075061 2.7155364e-2
v -3.9198267e-4 0.56995827 7.0318695e-2
v 0.93383573 -0.49742010 0.86312505
v 0.97699906 -0.41821244 0.90628839
v 2.7155364e-2 0.49075061 -4.3555314e-2
v 7.0318695e-2 0.56995827 -3.9198267e-4
v 0.99497475 -0.56568542 -0.95000000
v 1.06568542 -0.49497475 -0.95000000
v -6.5685425e-2 0.49497475 -0.95000000
v 5.0252532e-3 0.56568542 -0.95000000
v 0.99497475 -0.56568542 -1.05000000
v 1.06568542 -0.49497475 -1.05000000
v -6.5685425e-2 0.49497475 -1.05000000
v 5.0252532e-3 0.56568542 -1.05000000
v -1.05000000 -0.56568542 0.99497475
v -1.05000000 -0.49497475 1.06568542
v -1.05000000 0.49497475 -6.5685425e-2
v -1.05000000 0.56568542 5.0252532e-3
v -0.95000000 -0.56568542 0.99497475
v -0.95000000 -0.49497475 1.06568542
v -0.95000000 0.49497475 -6.5685425e-2
v -0.95000000 0.56568542 5.0252532e-3
v -5.0000000e-2 0.45000000 -1.00000000
v -5.0000000e-2 0.45000000 0.0000000e+0
v -5.0000000e-2 0.55000000 -1.00000000
v -5.0000000e-2 0.55000000 0.0000000e+0
v 5.0000000e-2 0.45000000 -1.00000000
v 5.0000000e-2 0.45000000 0.0000000e+0
v 5.0000000e-2 0.55000000 -1.00000000
v 5.0000000e-2 0.55000000 0.0000000e+0
v -1.05000000 0.45000000 -1.00000000
v -1.05000000 0.45000000 0.0000000e+0
v -1.05000000 0.55000000 -1.00000000
v -1.05000000 0.55000000 0.0000000e+0
v -0.95000000 0.45000000 -1.00000000
v -0.95000000 0.45000000 0.0000000e+0
v -0.95000000 0.55000000 -1.00000000
v -0.95000000 0.55000000 0.0000000e+0
v -1.00000000 0.45000000 -0.95000000
v 0.0000000e+0 0.45000000 -0.95000000
v -1.00000000 0.55000000 -0.95000000
v 0.0000000e+0 0.55000000 -0.95000000
v -1.00000000 0.45000000 -1.05000000
v 0.0000000e+0 0.45000000 -1.05000000
v -1.00000000 0.55000000 -1.05000000
v 0.0000000e+0 0.55000000 -1.05000000
v -1.00000000 0.45000000 5.0000000e-2
v 0.0000000e+0 0.45000000 5.0000000e-2
v -1.00000000 0.55000000 5.0000000e-2
v 0.0000000e+0 0.55000000 5.0000000e-2
v -1.00000000 0.45000000 -5.0000000e-2
v 0.0000000e+0 0.45000000 -5.0000000e-2
v -1.00000000 0.55000000 -5.0000000e-2
v 0.0000000e+0 0.55000000 -5.0000000e-2
v -4.5000000e-2 0.53076606 -0.89797482
v -5.0000000e-3 0.53076606 -0.89797482
v -4.5000000e-2 0.46648730 -0.97457926
v -5.0000000e-3 0.46648730 -0.97457926
v -0.95500000 0.53076606 -0.10202518
v -0.99500000 0.53076606 -0.10202518
v -0.95500000 0.46648730 -2.5420740e-2
v -0.99500000 0.46648730 -2.5420740e-2
v -0.10202518 0.53076606 -4.5000000e-2
v -0.10202518 0.53076606 -5.0000000e-3
v -2.5420740e-2 0.46648730 -4.5000000e-2
v -2.5420740e-2 0.46648730 -5.0000000e-3
v -0.89797482 0.53076606 -0.95500000
v -0.89797482 0.53076606 -0.99500000
v -0.97457926 0.46648730 -0.95500000
v -0.97457926 0.46648730 -0.99500000
v -1.05000000 -0.42426407 -0.99497475
v -1.05000000 -0.49497475 -0.92426407
v -1.05000000 0.49497475 -7.5735931e-2
v -1.05000000 0.42426407 -5.0252532e-3
v -0.95000000 -0.42426407 -0.99497475
v -0.95000000 -0.49497475 -0.92426407
v -0.95000000 0.49497475 -7.5735931e-2
v -0.95000000 0.42426407 -5.0252532e-3
v -1.05000000 -0.42426407 -0.99497475
v -1.05000000 -0.49497475 -0.92426407
v -1.05000000 0.49497475 -7.5735931e-2
v -1.05000000 0.42426407 -5.0252532e-3
v -0.95000000 -0.42426407 -0.99497475
v -0.95000000 -0.49497475 -0.92426407
v -0.95000000 0.49497475 -7.5735931e-2
v -0.95000000 0.42426407 -5.0252532e-3
v 0.83517687 -0.46793365 -1.05000000
v 0.83517687 -0.46793365 -0.95000000
v -0.97743870 0.37730287 -1.05000000
v -0.97743870 0.37730287 -0.95000000
v 0.87743870 -0.37730287 -1.05000000
v 0.87743870 -0.37730287 -0.95000000
v -0.93517687 0.46793365 -1.05000000
v -0.93517687 0.46793365 -0.95000000
v 0.96002282 -0.53073349 0.91334603
v 0.90210002 -0.47281070 0.97070367
v 2.7189303e-2 0.40210002 -0.97070367
v -3.0733493e-2 0.46002282 -0.91334603
v 1.03073349 -0.46002282 0.91334603
v 0.97281070 -0.40210002 0.97070367
v 9.7899982e-2 0.47281070 -0.97070367
v 3.9977185e-2 0.53073349 -0.91334603
v 0.96002282 -0.53073349 0.91334603
v 0.90210002 -0.47281070 0.97070367
v 2.7189303e-2 0.40210002 -0.97070367
v -3.0733493e-2 0.46002282 -0.91334603
v 1.03073349 -0.46002282 0.91334603
v 0.97281070 -0.40210002 0.97070367
v 9.7899982e-2 0.47281070 -0.97070367
v 3.9977185e-2 0.53073349 -0.91334603
v -1.04238888 -0.47167820 0.95916661
v -1.00082618 -0.43011551 1.04006831
v -6.9884494e-2 0.50082618 -4.0068314e-2
v -2.8321800e-2 0.54238888 4.0833385e-2
v -0.97167820 -0.54238888 0.95916661
v -0.93011551 -0.50082618 1.04006831
v 8.2618457e-4 0.43011551 -4.0068314e-2
v 4.2388878e-2 0.47167820 4.0833385e-2
v -1.04238888 -0.47167820 0.95916661
v -1.00082618 -0.43011551 1.04006831
v -6.9884494e-2 0.50082618 -4.0068314e-2
v -2.8321800e-2 0.54238888 4.0833385e-2
v -0.97167820 -0.54238888 0.95916661
v -0.93011551 -0.50082618 1.04006831
v 8.2618457e-4 0.43011551 -4.0068314e-2
v 4.2388878e-2 0.47167820 4.0833385e-2
vt 5.7630906e-3 0.53847943
vt 6.8328961e-3 0.49509355
vt 7.0013003e-3 0.46982995
vt 8.4755592e-3 0.94745503
vt 8.9695402e-3 0.49190768
vt 9.1370973e-3 0.46664407
vt 1.9466389e-2 0.46994362
vt 1.9466389e-2 0.49520778
vt 2.9393939e-2 0.66960606
vt 2.9393939e-2 0.69403030
vt 2.9393939e-2 0.69990909
vt 2.9393939e-2 0.72433333
vt 2.9393939e-2 0.79081818
vt 2.9393939e-2 0.81524242
vt 2.9393939e-2 0.82112121
vt 2.9393939e-2 0.84554545
vt 2.9393939e-2 0.85142424
vt 2.9393939e-2 0.87584848
vt 2.9393939e-2 0.91203030
vt 2.9393939e-2 0.93645455
vt 3.1026699e-2 0.53831188
vt 3.2914191e-2 0.46756139
vt 3.2914191e-2 0.49282555
vt 3.3739167e-2 0.94728747
vt 0.10847778 0.47646115
vt 0.10847778 0.47666667
vt 0.10847778 0.47669446
vt 0.10847778 0.47767228
vt 0.10847778 0.47778894
vt 0.10847778 0.47787780
vt 0.10847778 0.49052784
vt 0.10847778 0.49041119
vt 0.10847778 0.48920005
vt 0.10847778 0.48940557
vt 0.10847778 0.48943336
vt 0.10847778 0.49061670
vt 0.27363636 0.66960606
vt 0.27363636 0.69403030
vt 0.27363636 0.69990909
vt 0.27363636 0.72433333
vt 0.27363636 0.79081818
vt 0.27363636 0.81524242
vt 0.27363636 0.82112121
vt 0.27363636 0.84554545
vt 0.27363636 0.85142424
vt 0.27363636 0.87584848
vt 0.27363636 0.91203030
vt 0.27363636 0.93645455
vt 0.28112525 0.61778081
vt 0.28112525 0.64220505
vt 0.28112525 0.64808384
vt 0.28112525 0.67250808
vt 0.29148283 0.67838687
vt 0.29148283 0.70281111
vt 0.30125253 0.67838687
vt 0.30125253 0.70281111
vt 0.30536768 0.73722929
vt 0.30536768 0.74699899
vt 0.30554949 0.61778081
vt 0.30554949 0.64220505
vt 0.30554949 0.64808384
vt 0.30554949 0.67250808
vt 0.31142828 0.58747778
vt 0.31142828 0.61190202
vt 0.32979192 0.73722929
vt 0.32979192 0.74699899
vt 0.33585253 0.58747778
vt 0.33585253 0.61190202
vt 0.34173131 0.58571414
vt 0.34173131 0.59548384
vt 0.36325581 0.47767228
vt 0.36325581 0.49041119
vt 0.36325581 0.47778894
vt 0.36325581 0.49052784
vt 0.36615556 0.58571414
vt 0.36615556 0.59548384
vt 0.37203434 0.61778081
vt 0.37203434 0.64220505
vt 0.37203434 0.64808384
vt 0.37203434 0.67250808
vt 0.39645859 0.61778081
vt 0.39645859 0.64220505
vt 0.39645859 0.64808384
vt 0.39645859 0.67250808
vt 0.39842885 0.46994362
vt 0.39842885 0.49520778
vt 0.40147251 0.48920005
vt 0.40147251 0.49061670
vt 0.40147251 0.47646115
vt 0.40147251 0.47787780
vt 0.40147251 0.47666667
vt 0.40147251 0.47669446
vt 0.40147251 0.48940557
vt 0.40147251 0.48943336
vt 0.40233737 0.58747778
vt 0.40233737 0.61190202
vt 0.40233737 0.61778081
vt 0.40233737 0.64220505
vt 0.40233737 0.64808384
vt 0.40233737 0.67250808
vt 0.41187665 0.46756139
vt 0.41187665 0.49282555
vt 0.41580840 0.49781973
vt 0.41597681 0.47255613
vt 0.41794514 0.49462015
vt 0.41811269 0.46935654
vt 0.42676162 0.58747778
vt 0.42676162 0.61190202
vt 0.42676162 0.61778081
vt 0.42676162 0.64220505
vt 0.42676162 0.64808384
vt 0.42676162 0.67250808
vt 0.43087677 0.64808384
vt 0.43087677 0.67250808
vt 0.44064646 0.64808384
vt 0.44064646 0.67250808
vt 0.44277302 2.1854418e-2
vt 0.45091746 0.38253220
vt 0.45580873 2.1854418e-2
vt 0.45681190 0.48099394
vt 0.46395317 0.38253220
vt 0.46437857 0.99666061
vt 0.46473309 0.83483743
vt 0.46473309 0.58219579
vt 0.46479109 2.3105727e-2
vt 0.46676892 0.83397076
vt 0.46676892 0.58132912
vt 0.46739499 0.42995135
vt 0.46739499 5.0988889e-2
vt 0.46751728 0.43208123
vt 0.46781471 5.0988889e-2
vt 0.46781471 0.42995135
vt 0.46784194 0.43024023
vt 0.46784194 5.1277778e-2
vt 0.46785556 5.2144444e-2
vt 0.46785556 0.43110690
vt 0.46817253 0.83469298
vt 0.46817253 0.58205135
vt 0.46833059 0.83498187
vt 0.46833059 0.58234023
vt 0.47233150 0.57569575
vt 0.47284784 0.54486561
vt 0.47284784 0.54617410
vt 0.47323622 0.81469344
vt 0.47347837 0.57569575
vt 0.47383076 0.54488207
vt 0.47383076 0.54619057
vt 0.47389227 0.74129411
vt 0.47401854 0.57566180
vt 0.47403257 0.76142369
vt 0.47403257 0.76273218
vt 0.47429069 0.81469344
vt 0.47456799 0.80603876
vt 0.47466063 0.53904532
vt 0.47477004 0.74126581
vt 0.47477254 0.51304410
vt 0.47503442 0.51800008
vt 0.47503442 0.68360579
vt 0.47503914 0.74129411
vt 0.47516541 0.57566180
vt 0.47519424 0.79382279
vt 0.47520665 0.51800008
vt 0.47520665 0.68360579
vt 0.47551771 0.81501661
vt 0.47551858 0.76143682
vt 0.47551858 0.76274531
vt 0.47572226 0.52202195
vt 0.47589532 0.52171078
vt 0.47591690 0.74126581
vt 0.47610111 0.68360579
vt 0.47610111 0.51800008
vt 0.47627334 0.68360579
vt 0.47627334 0.51800008
vt 0.47694979 0.52171078
vt 0.47695092 0.76260467
vt 0.47698685 0.78023607
vt 0.47707732 0.77502028
vt 0.47803164 0.76425336
vt 0.47803164 0.76284161
vt 0.47823601 0.54604716
vt 0.47836242 0.55846277
vt 0.47886317 0.54628188
vt 0.47886317 0.54769363
vt 0.47947697 0.52547021
vt 0.48506984 0.57557569
vt 0.48558655 0.54479592
vt 0.48558655 0.54610441
vt 0.48597460 0.81480905
vt 0.48621670 0.57557569
vt 0.48656927 0.54478279
vt 0.48656927 0.54609128
vt 0.48663061 0.74117405
vt 0.48675731 0.57560399
vt 0.48677128 0.76135400
vt 0.48677128 0.76266249
vt 0.48702907 0.81480905
vt 0.48730689 0.80604765
vt 0.48739951 0.53901864
vt 0.48750881 0.74120800
vt 0.48751144 0.51305299
vt 0.48777332 0.51800008
vt 0.48777332 0.68360579
vt 0.48777748 0.74117405
vt 0.48790418 0.57560399
vt 0.48793311 0.79379611
vt 0.48794555 0.51800008
vt 0.48794555 0.68360579
vt 0.48825660 0.81502550
vt 0.48825709 0.76133753
vt 0.48825709 0.76264603
vt 0.48839802 2.1854418e-2
vt 0.48846115 0.52203084
vt 0.48863370 0.52182639
vt 0.48865567 0.74120800
vt 0.48884001 0.68360579
vt 0.48884001 0.51800008
vt 0.48901224 0.68360579
vt 0.48901224 0.51800008
vt 0.48940119 0.48099394
vt 0.48968817 0.52182639
vt 0.48968959 0.76268026
vt 0.48972514 0.78036058
vt 0.48981600 0.77509588
vt 0.48999725 0.83483743
vt 0.48999725 0.58219579
vt 0.49005470 2.2937322e-2
vt 0.49077044 0.76289052
vt 0.49077044 0.76430227
vt 0.49097469 0.54612275
vt 0.49110109 0.55853837
vt 0.49160198 0.54633079
vt 0.49160198 0.54774254
vt 0.49203309 0.83397076
vt 0.49203309 0.58132912
vt 0.49221526 0.52559472
vt 0.49265916 5.0988889e-2
vt 0.49265916 0.42995135
vt 0.49278088 0.43191283
vt 0.49307888 5.0988889e-2
vt 0.49307888 0.42995135
vt 0.49310611 0.43024023
vt 0.49310611 5.1277778e-2
vt 0.49311972 0.43110690
vt 0.49311972 5.2144444e-2
vt 0.49343669 0.83469298
vt 0.49343669 0.58205135
vt 0.49359475 0.83498187
vt 0.49359475 0.58234023
vt 0.49654246 0.38253220
vt 0.49696786 0.99666061
vt 0.50143373 2.1854418e-2
vt 0.50243690 0.48099394
vt 0.50352057 6.1551888e-2
vt 0.50352057 0.31419353
vt 0.50354780 6.0251888e-2
vt 0.50354780 0.31289353
vt 0.50567363 6.0396333e-2
vt 0.50567363 0.31303797
vt 0.50830085 5.8951888e-2
vt 0.50830085 0.31159353
vt 0.50957817 0.38253220
vt 0.51000357 0.99666061
vt 0.52878474 6.1551888e-2
vt 0.52878474 0.31419353
vt 0.52881197 6.0251888e-2
vt 0.52881197 0.31289353
vt 0.53093779 6.0396333e-2
vt 0.53093779 0.31303797
vt 0.53356502 5.8951888e-2
vt 0.53356502 0.31159353
vt 0.53502619 0.48099394
vt 0.54259286 0.99666061
vt 0.56812020 7.7761616e-2
vt 0.56812020 0.10218586
vt 0.56812020 0.10806465
vt 0.56812020 0.13248889
vt 0.57436869 0.81655253
vt 0.57436869 0.84097677
vt 0.57436869 0.84685556
vt 0.57436869 0.87127980
vt 0.61374343 0.19499697
vt 0.61374343 0.43923939
vt 0.63816768 0.19499697
vt 0.63816768 0.43923939
vt 0.65381313 0.89492525
vt 0.65381313 0.91934949
vt 0.65912020 0.66090909
vt 0.65912020 0.68533333
vt 0.67434949 0.19499697
vt 0.67434949 0.43923939
vt 0.69877374 0.19499697
vt 0.69877374 0.43923939
vt 0.76525859 0.19499697
vt 0.76525859 0.43923939
vt 0.78968283 0.19499697
vt 0.78968283 0.43923939
vt 0.79556162 0.19499697
vt 0.79556162 0.43923939
vt 0.81236263 7.7761616e-2
vt 0.81236263 0.10218586
vt 0.81236263 0.10806465
vt 0.81236263 0.13248889
vt 0.81861111 0.81655253
vt 0.81861111 0.84097677
vt 0.81861111 0.84685556
vt 0.81861111 0.87127980
vt 0.81998586 0.19499697
vt 0.81998586 0.43923939
vt 0.89805556 0.89492525
vt 0.89805556 0.91934949
vt 0.90336263 0.66090909
vt 0.90336263 0.68533333
vt 0.96983000 0.55037501
vt 0.96983000 0.92933747
vt 0.97113000 0.54967696
vt 0.97113000 0.92863942
vt 0.99509417 0.55037501
vt 0.99509417 0.92933747
vt 0.99639417 0.54967696
vt 0.99639417 0.92863942
vn 0.0000000e+0 0.0000000e+0 -1.00000000
vn -1.00000000 0.0000000e+0 0.0000000e+0
vn 0.0000000e+0 -1.00000000 0.0000000e+0
vn 0.0000000e+0 0.0000000e+0 1.00000000
vn -1.00000000 0.0000000e+0 0.0000000e+0
vn 0.0000000e+0 -1.00000000 0.0000000e+0
vn 0.0000000e+0 0.0000000e+0 -1.00000000
vn -1.00000000 0.0000000e+0 0.0000000e+0
vn 0.0000000e+0 1.00000000 0.0000000e+0
vn 0.0000000e+0 0.0000000e+0 1.00000000
vn -1.00000000 0.0000000e+0 0.0000000e+0
vn 0.0000000e+0 1.00000000 0.0000000e+0
vn 0.0000000e+0 0.0000000e+0 -1.00000000
vn 1.00000000 0.0000000e+0 0.0000000e+0
vn 0.0000000e+0 -1.00000000 0.0000000e+0
vn 0.0000000e+0 0.0000000e+0 1.00000000
vn 1.00000000 0.0000000e+0 0.0000000e+0
vn 0.0000000e+0 -1.00000000 0.0000000e+0
vn 0.0000000e+0 0.0000000e+0 -1.00000000
vn 1.00000000 0.0000000e+0 0.0000000e+0
vn 0.0000000e+0 1.00000000 0.0000000e+0
vn 0.0000000e+0 0.0000000e+0 1.00000000
vn 1.00000000 0.0000000e+0 0.0000000e+0
vn 0.0000000e+0 1.00000000 0.0000000e+0
vn 0.0000000e+0 -1.00000000 0.0000000e+0
vn 0.0000000e+0 0.0000000e+0 -1.00000000
vn -1.00000000 0.0000000e+0 0.0000000e+0
vn 0.0000000e+0 -1.00000000 0.0000000e+0
vn 0.0000000e+0 0.0000000e+0 1.00000000
vn -1.00000000 0.0000000e+0 0.0000000e+0
vn 0.0000000e+0 1.00000000 0.0000000e+0
vn 0.0000000e+0 0.0000000e+0 -1.00000000
vn -1.00000000 0.0000000e+0 0.0000000e+0
vn 0.0000000e+0 1.00000000 0.0000000e+0
vn 0.0000000e+0 0.0000000e+0 1.00000000
vn -1.00000000 0.0000000e+0 0.0000000e+0
vn 0.0000000e+0 -1.00000000 0.0000000e+0
vn 0.0000000e+0 0.0000000e+0 -1.00000000
vn 1.00000000 0.0000000e+0 0.0000000e+0
vn 0.0000000e+0 -1.00000000 0.0000000e+0
vn 0.0000000e+0 0.0000000e+0 1.00000000
vn 1.00000000 0.0000000e+0 0.0000000e+0
vn 0.0000000e+0 1.00000000 0.0000000e+0
vn 0.0000000e+0 0.0000000e+0 -1.00000000
vn 1.00000000 0.0000000e+0 0.0000000e+0
vn 0.0000000e+0 1.00000000 0.0000000e+0
vn 0.0000000e+0 0.0000000e+0 1.00000000
vn 1.00000000 0.0000000e+0 0.0000000e+0
vn 0.0000000e+0 -1.00000000 0.0000000e+0
vn -1.00000000 0.0000000e+0 0.0000000e+0
vn 0.0000000e+0 0.0000000e+0 1.00000000
vn 0.0000000e+0 -1.00000000 0.0000000e+0
vn 1.00000000 0.0000000e+0 0.0000000e+0
vn 0.0000000e+0 0.0000000e+0 1.00000000
vn 0.0000000e+0 1.00000000 0.0000000e+0
vn -1.00000000 0.0000000e+0 0.0000000e+0
vn 0.0000000e+0 0.0000000e+0 1.00000000
vn 0.0000000e+0 1.00000000 0.0000000e+0
vn 1.00000000 0.0000000e+0 0.0000000e+0
vn 0.0000000e+0 0.0000000e+0 1.00000000
vn 0.0000000e+0 -1.00000000 0.0000000e+0
vn -1.00000000 0.0000000e+0 0.0000000e+0
vn 0.0000000e+0 0.0000000e+0 -1.00000000
vn 0.0000000e+0 -1.00000000 0.0000000e+0
vn 1.00000000 0.0000000e+0 0.0000000e+0
vn 0.0000000e+0 0.0000000e+0 -1.00000000
vn 0.0000000e+0 1.00000000 0.0000000e+0
vn -1.00000000 0.0000000e+0 0.0000000e+0
vn 0.0000000e+0 0.0000000e+0 -1.00000000
vn 0.0000000e+0 1.00000000 0.0000000e+0
vn 1.00000000 0.0000000e+0 0.0000000e+0
vn 0.0000000e+0 0.0000000e+0 -1.00000000
vn 0.0000000e+0 0.0000000e+0 1.00000000
vn 0.0000000e+0 -1.00000000 0.0000000e+0
vn -1.00000000 0.0000000e+0 0.0000000e+0
vn 0.0000000e+0 0.0000000e+0 1.00000000
vn 0.0000000e+0 -1.00000000 0.0000000e+0
vn 1.00000000 0.0000000e+0 0.0000000e+0
vn 0.0000000e+0 0.0000000e+0 1.00000000
vn 0.0000000e+0 1.00000000 0.0000000e+0
vn -1.00000000 0.0000000e+0 0.0000000e+0
vn 0.0000000e+0 0.0000000e+0 1.00000000
vn 0.0000000e+0 1.00000000 0.0000000e+0
vn 1.00000000 0.0000000e+0 0.0000000e+0
vn 0.0000000e+0 0.0000000e+0 -1.00000000
vn 0.0000000e+0 -1.00000000 0.0000000e+0
vn -1.00000000 0.0000000e+0 0.0000000e+0
vn 0.0000000e+0 0.0000000e+0 -1.00000000
vn 0.0000000e+0 -1.00000000 0.0000000e+0
vn 1.00000000 0.0000000e+0 0.0000000e+0
vn 0.0000000e+0 0.0000000e+0 -1.00000000
vn 0.0000000e+0 1.00000000 0.0000000e+0
vn -1.00000000 0.0000000e+0 0.0000000e+0
vn 0.0000000e+0 0.0000000e+0 -1.00000000
vn 0.0000000e+0 1.00000000 0.0000000e+0
vn 1.00000000 0.0000000e+0 0.0000000e+0
vn 0.0000000e+0 0.76604443 -0.64278763
vn 0.0000000e+0 -0.76604443 0.64278763
vn 0.0000000e+0 0.76604443 -0.64278763
vn 0.0000000e+0 -0.76604443 0.64278763
vn 0.0000000e+0 0.76604443 -0.64278763
vn 0.0000000e+0 -0.76604443 0.64278763
vn 0.0000000e+0 0.76604443 -0.64278763
vn 0.0000000e+0 -0.76604443 0.64278763
vn 0.0000000e+0 0.76604443 0.64278763
vn 0.0000000e+0 -0.76604443 -0.64278763
vn 0.0000000e+0 0.76604443 0.64278763
vn 0.0000000e+0 -0.76604443 -0.64278763
vn 0.0000000e+0 0.76604443 0.64278763
vn 0.0000000e+0 -0.76604443 -0.64278763
vn 0.0000000e+0 0.76604443 0.64278763
vn 0.0000000e+0 -0.76604443 -0.64278763
vn 0.64278763 0.76604443 0.0000000e+0
vn -0.64278763 -0.76604443 0.0000000e+0
vn 0.64278763 0.76604443 0.0000000e+0
vn -0.64278763 -0.76604443 0.0000000e+0
vn 0.64278763 0.76604443 0.0000000e+0
vn -0.64278763 -0.76604443 0.0000000e+0
vn 0.64278763 0.76604443 0.0000000e+0
vn -0.64278763 -0.76604443 0.0000000e+0
vn -0.64278763 0.76604443 0.0000000e+0
vn 0.64278763 -0.76604443 0.0000000e+0
vn -0.64278763 0.76604443 0.0000000e+0
vn 0.64278763 -0.76604443 0.0000000e+0
vn -0.64278763 0.76604443 0.0000000e+0
vn 0.64278763 -0.76604443 0.0000000e+0
vn -0.64278763 0.76604443 0.0000000e+0
vn 0.64278763 -0.76604443 0.0000000e+0
vn 0.0000000e+0 -1.00000000 0.0000000e+0
vn 0.0000000e+0 0.0000000e+0 -1.00000000
vn -1.00000000 0.0000000e+0 0.0000000e+0
vn 0.0000000e+0 -1.00000000 0.0000000e+0
vn 0.0000000e+0 0.0000000e+0 1.00000000
vn -1.00000000 0.0000000e+0 0.0000000e+0
vn 0.0000000e+0 1.00000000 0.0000000e+0
vn 0.0000000e+0 0.0000000e+0 -1.00000000
vn -1.00000000 0.0000000e+0 0.0000000e+0
vn 0.0000000e+0 1.00000000 0.0000000e+0
vn 0.0000000e+0 0.0000000e+0 1.00000000
vn -1.00000000 0.0000000e+0 0.0000000e+0
vn 0.0000000e+0 -1.00000000 0.0000000e+0
vn 0.0000000e+0 0.0000000e+0 -1.00000000
vn 1.00000000 0.0000000e+0 0.0000000e+0
vn 0.0000000e+0 -1.00000000 0.0000000e+0
vn 0.0000000e+0 0.0000000e+0 1.00000000
vn 1.00000000 0.0000000e+0 0.0000000e+0
vn 0.0000000e+0 1.00000000 0.0000000e+0
vn 0.0000000e+0 0.0000000e+0 -1.00000000
vn 1.00000000 0.0000000e+0 0.0000000e+0
vn 0.0000000e+0 1.00000000 0.0000000e+0
vn 0.0000000e+0 0.0000000e+0 1.00000000
vn 1.00000000 0.0000000e+0 0.0000000e+0
vn 0.0000000e+0 -1.00000000 0.0000000e+0
vn 0.0000000e+0 0.0000000e+0 -1.00000000
vn -1.00000000 0.0000000e+0 0.0000000e+0
vn 0.0000000e+0 -1.00000000 0.0000000e+0
vn 0.0000000e+0 0.0000000e+0 1.00000000
vn -1.00000000 0.0000000e+0 0.0000000e+0
vn 0.0000000e+0 1.00000000 0.0000000e+0
vn 0.0000000e+0 0.0000000e+0 -1.00000000
vn -1.00000000 0.0000000e+0 0.0000000e+0
vn 0.0000000e+0 1.00000000 0.0000000e+0
vn 0.0000000e+0 0.0000000e+0 1.00000000
vn -1.00000000 0.0000000e+0 0.0000000e+0
vn 0.0000000e+0 -1.00000000 0.0000000e+0
vn 0.0000000e+0 0.0000000e+0 -1.00000000
vn 1.00000000 0.0000000e+0 0.0000000e+0
vn 0.0000000e+0 -1.00000000 0.0000000e+0
vn 0.0000000e+0 0.0000000e+0 1.00000000
vn 1.00000000 0.0000000e+0 0.0000000e+0
vn 0.0000000e+0 1.00000000 0.0000000e+0
vn 0.0000000e+0 0.0000000e+0 -1.00000000
vn 1.00000000 0.0000000e+0 0.0000000e+0
vn 0.0000000e+0 1.00000000 0.0000000e+0
vn 0.0000000e+0 0.0000000e+0 1.00000000
vn 1.00000000 0.0000000e+0 0.0000000e+0
vn 0.56008275 -0.61042169 0.56008275
vn -0.43163331 -0.79207661 -0.43163331
vn -0.70710678 0.0000000e+0 0.70710678
vn 0.56008275 -0.61042169 0.56008275
vn 0.43163331 0.79207661 0.43163331
vn -0.70710678 0.0000000e+0 0.70710678
vn -0.56008275 0.61042169 -0.56008275
vn -0.43163331 -0.79207661 -0.43163331
vn -0.70710678 0.0000000e+0 0.70710678
vn -0.56008275 0.61042169 -0.56008275
vn 0.43163331 0.79207661 0.43163331
vn -0.70710678 0.0000000e+0 0.70710678
vn 0.56008275 -0.61042169 0.56008275
vn -0.43163331 -0.79207661 -0.43163331
vn 0.70710678 -3.4290847e-16 -0.70710678
vn 0.56008275 -0.61042169 0.56008275
vn 0.43163331 0.79207661 0.43163331
vn 0.70710678 -3.4290847e-16 -0.70710678
vn -0.56008275 0.61042169 -0.56008275
vn -0.43163331 -0.79207661 -0.43163331
vn 0.70710678 -3.4290847e-16 -0.70710678
vn -0.56008275 0.61042169 -0.56008275
vn 0.43163331 0.79207661 0.43163331
vn 0.70710678 -3.4290847e-16 -0.70710678
vn 0.70710678 -0.70710678 0.0000000e+0
vn -0.70710678 -0.70710678 0.0000000e+0
vn -5.2336415e-17 5.2336415e-17 1.00000000
vn 0.70710678 -0.70710678 0.0000000e+0
vn 0.70710678 0.70710678 0.0000000e+0
vn -5.2336415e-17 5.2336415e-17 1.00000000
vn -0.70710678 0.70710678 0.0000000e+0
vn -0.70710678 -0.70710678 0.0000000e+0
vn -5.2336415e-17 5.2336415e-17 1.00000000
vn -0.70710678 0.70710678 0.0000000e+0
vn 0.70710678 0.70710678 0.0000000e+0
vn -5.2336415e-17 5.2336415e-17 1.00000000
vn 0.70710678 -0.70710678 0.0000000e+0
vn -0.70710678 -0.70710678 0.0000000e+0
vn 1.0467283e-16 -1.0467283e-16 -1.00000000
vn 0.70710678 -0.70710678 0.0000000e+0
vn 0.70710678 0.70710678 0.0000000e+0
vn 1.0467283e-16 -1.0467283e-16 -1.00000000
vn -0.70710678 0.70710678 0.0000000e+0
vn -0.70710678 -0.70710678 0.0000000e+0
vn 1.0467283e-16 -1.0467283e-16 -1.00000000
vn -0.70710678 0.70710678 0.0000000e+0
vn 0.70710678 0.70710678 0.0000000e+0
vn 1.0467283e-16 -1.0467283e-16 -1.00000000
vn 0.0000000e+0 -0.70710678 0.70710678
vn 0.0000000e+0 -0.70710678 -0.70710678
vn -1.00000000 0.0000000e+0 0.0000000e+0
vn 0.0000000e+0 -0.70710678 0.70710678
vn 0.0000000e+0 0.70710678 0.70710678
vn -1.00000000 0.0000000e+0 0.0000000e+0
vn 0.0000000e+0 0.70710678 -0.70710678
vn 0.0000000e+0 -0.70710678 -0.70710678
vn -1.00000000 0.0000000e+0 0.0000000e+0
vn 0.0000000e+0 0.70710678 -0.70710678
vn 0.0000000e+0 0.70710678 0.70710678
vn -1.00000000 0.0000000e+0 0.0000000e+0
vn 0.0000000e+0 -0.70710678 0.70710678
vn 0.0000000e+0 -0.70710678 -0.70710678
vn 1.00000000 0.0000000e+0 0.0000000e+0
vn 0.0000000e+0 -0.70710678 0.70710678
vn 0.0000000e+0 0.70710678 0.70710678
vn 1.00000000 0.0000000e+0 0.0000000e+0
vn 0.0000000e+0 0.70710678 -0.70710678
vn 0.0000000e+0 -0.70710678 -0.70710678
vn 1.00000000 0.0000000e+0 0.0000000e+0
vn 0.0000000e+0 0.70710678 -0.70710678
vn 0.0000000e+0 0.70710678 0.70710678
vn 1.00000000 0.0000000e+0 0.0000000e+0
vn 0.0000000e+0 0.0000000e+0 -1.00000000
vn -1.00000000 0.0000000e+0 0.0000000e+0
vn 0.0000000e+0 -1.00000000 0.0000000e+0
vn 0.0000000e+0 0.0000000e+0 1.00000000
vn -1.00000000 0.0000000e+0 0.0000000e+0
vn 0.0000000e+0 -1.00000000 0.0000000e+0
vn 0.0000000e+0 0.0000000e+0 -1.00000000
vn -1.00000000 0.0000000e+0 0.0000000e+0
vn 0.0000000e+0 1.00000000 0.0000000e+0
vn 0.0000000e+0 0.0000000e+0 1.00000000
vn -1.00000000 0.0000000e+0 0.0000000e+0
vn 0.0000000e+0 1.00000000 0.0000000e+0
vn 0.0000000e+0 0.0000000e+0 -1.00000000
vn 1.00000000 0.0000000e+0 0.0000000e+0
vn 0.0000000e+0 -1.00000000 0.0000000e+0
vn 0.0000000e+0 0.0000000e+0 1.00000000
vn 1.00000000 0.0000000e+0 0.0000000e+0
vn 0.0000000e+0 -1.00000000 0.0000000e+0
vn 0.0000000e+0 0.0000000e+0 -1.00000000
vn 1.00000000 0.0000000e+0 0.0000000e+0
vn 0.0000000e+0 1.00000000 0.0000000e+0
vn 0.0000000e+0 0.0000000e+0 1.00000000
vn 1.00000000 0.0000000e+0 0.0000000e+0
vn 0.0000000e+0 1.00000000 0.0000000e+0
vn 0.0000000e+0 -1.00000000 0.0000000e+0
vn 0.0000000e+0 0.0000000e+0 -1.00000000
vn -1.00000000 0.0000000e+0 0.0000000e+0
vn 0.0000000e+0 -1.00000000 0.0000000e+0
vn 0.0000000e+0 0.0000000e+0 1.00000000
vn -1.00000000 0.0000000e+0 0.0000000e+0
vn 0.0000000e+0 1.00000000 0.0000000e+0
vn 0.0000000e+0 0.0000000e+0 -1.00000000
vn -1.00000000 0.0000000e+0 0.0000000e+0
vn 0.0000000e+0 1.00000000 0.0000000e+0
vn 0.0000000e+0 0.0000000e+0 1.00000000
vn -1.00000000 0.0000000e+0 0.0000000e+0
vn 0.0000000e+0 -1.00000000 0.0000000e+0
vn 0.0000000e+0 0.0000000e+0 -1.00000000
vn 1.00000000 0.0000000e+0 0.0000000e+0
vn 0.0000000e+0 -1.00000000 0.0000000e+0
vn 0.0000000e+0 0.0000000e+0 1.00000000
vn 1.00000000 0.0000000e+0 0.0000000e+0
vn 0.0000000e+0 1.00000000 0.0000000e+0
vn 0.0000000e+0 0.0000000e+0 -1.00000000
vn 1.00000000 0.0000000e+0 0.0000000e+0
vn 0.0000000e+0 1.00000000 0.0000000e+0
vn 0.0000000e+0 0.0000000e+0 1.00000000
vn 1.00000000 0.0000000e+0 0.0000000e+0
vn 0.0000000e+0 -1.00000000 0.0000000e+0
vn -1.00000000 0.0000000e+0 0.0000000e+0
vn 0.0000000e+0 0.0000000e+0 1.00000000
vn 0.0000000e+0 -1.00000000 0.0000000e+0
vn 1.00000000 0.0000000e+0 0.0000000e+0
vn 0.0000000e+0 0.0000000e+0 1.00000000
vn 0.0000000e+0 1.00000000 0.0000000e+0
vn -1.00000000 0.0000000e+0 0.0000000e+0
vn 0.0000000e+0 0.0000000e+0 1.00000000
vn 0.0000000e+0 1.00000000 0.0000000e+0
vn 1.00000000 0.0000000e+0 0.0000000e+0
vn 0.0000000e+0 0.0000000e+0 1.00000000
vn 0.0000000e+0 -1.00000000 0.0000000e+0
vn -1.00000000 0.0000000e+0 0.0000000e+0
vn 0.0000000e+0 0.0000000e+0 -1.00000000
vn 0.0000000e+0 -1.00000000 0.0000000e+0
vn 1.00000000 0.0000000e+0 0.0000000e+0
vn 0.0000000e+0 0.0000000e+0 -1.00000000
vn 0.0000000e+0 1.00000000 0.0000000e+0
vn -1.00000000 0.0000000e+0 0.0000000e+0
vn 0.0000000e+0 0.0000000e+0 -1.00000000
vn 0.0000000e+0 1.00000000 0.0000000e+0
vn 1.00000000 0.0000000e+0 0.0000000e+0
vn 0.0000000e+0 0.0000000e+0 -1.00000000
vn 0.0000000e+0 0.0000000e+0 1.00000000
vn 0.0000000e+0 -1.00000000 0.0000000e+0
vn -1.00000000 0.0000000e+0 0.0000000e+0
vn 0.0000000e+0 0.0000000e+0 1.00000000
vn 0.0000000e+0 -1.00000000 0.0000000e+0
vn 1.00000000 0.0000000e+0 0.0000000e+0
vn 0.0000000e+0 0.0000000e+0 1.00000000
vn 0.0000000e+0 1.00000000 0.0000000e+0
vn -1.00000000 0.0000000e+0 0.0000000e+0
vn 0.0000000e+0 0.0000000e+0 1.00000000
vn 0.0000000e+0 1.00000000 0.0000000e+0
vn 1.00000000 0.0000000e+0 0.0000000e+0
vn 0.0000000e+0 0.0000000e+0 -1.00000000
vn 0.0000000e+0 -1.00000000 0.0000000e+0
vn -1.00000000 0.0000000e+0 0.0000000e+0
vn 0.0000000e+0 0.0000000e+0 -1.00000000
vn 0.0000000e+0 -1.00000000 0.0000000e+0
vn 1.00000000 0.0000000e+0 0.0000000e+0
vn 0.0000000e+0 0.0000000e+0 -1.00000000
vn 0.0000000e+0 1.00000000 0.0000000e+0
vn -1.00000000 0.0000000e+0 0.0000000e+0
vn 0.0000000e+0 0.0000000e+0 -1.00000000
vn 0.0000000e+0 1.00000000 0.0000000e+0
vn 1.00000000 0.0000000e+0 0.0000000e+0
vn 0.0000000e+0 0.76604443 -0.64278763
vn 0.0000000e+0 -0.76604443 0.64278763
vn 0.0000000e+0 0.76604443 -0.64278763
vn 0.0000000e+0 -0.76604443 0.64278763
vn 0.0000000e+0 0.76604443 -0.64278763
vn 0.0000000e+0 -0.76604443 0.64278763
vn 0.0000000e+0 0.76604443 -0.64278763
vn 0.0000000e+0 -0.76604443 0.64278763
vn 0.0000000e+0 0.76604443 0.64278763
vn 0.0000000e+0 -0.76604443 -0.64278763
vn 0.0000000e+0 0.76604443 0.64278763
vn 0.0000000e+0 -0.76604443 -0.64278763
vn 0.0000000e+0 0.76604443 0.64278763
vn 0.0000000e+0 -0.76604443 -0.64278763
vn 0.0000000e+0 0.76604443 0.64278763
vn 0.0000000e+0 -0.76604443 -0.64278763
vn 0.64278763 0.76604443 0.0000000e+0
vn -0.64278763 -0.76604443 0.0000000e+0
vn 0.64278763 0.76604443 0.0000000e+0
vn -0.64278763 -0.76604443 0.0000000e+0
vn 0.64278763 0.76604443 0.0000000e+0
vn -0.64278763 -0.76604443 0.0000000e+0
vn 0.64278763 0.76604443 0.0000000e+0
vn -0.64278763 -0.76604443 0.0000000e+0
vn -0.64278763 0.76604443 0.0000000e+0
vn 0.64278763 -0.76604443 0.0000000e+0
vn -0.64278763 0.76604443 0.0000000e+0
vn 0.64278763 -0.76604443 0.0000000e+0
vn -0.64278763 0.76604443 0.0000000e+0
vn 0.64278763 -0.76604443 0.0000000e+0
vn -0.64278763 0.76604443 0.0000000e+0
vn 0.64278763 -0.76604443 0.0000000e+0
vn 0.0000000e+0 -0.70710678 -0.70710678
vn 0.0000000e+0 0.70710678 -0.70710678
vn -1.00000000 0.0000000e+0 0.0000000e+0
vn 0.0000000e+0 -0.70710678 -0.70710678
vn 0.0000000e+0 -0.70710678 0.70710678
vn -1.00000000 0.0000000e+0 0.0000000e+0
vn 0.0000000e+0 0.70710678 0.70710678
vn 0.0000000e+0 0.70710678 -0.70710678
vn -1.00000000 0.0000000e+0 0.0000000e+0
vn 0.0000000e+0 0.70710678 0.70710678
vn 0.0000000e+0 -0.70710678 0.70710678
vn -1.00000000 0.0000000e+0 0.0000000e+0
vn 0.0000000e+0 -0.70710678 -0.70710678
vn 0.0000000e+0 0.70710678 -0.70710678
vn 1.00000000 0.0000000e+0 0.0000000e+0
vn 0.0000000e+0 -0.70710678 -0.70710678
vn 0.0000000e+0 -0.70710678 0.70710678
vn 1.00000000 0.0000000e+0 0.0000000e+0
vn 0.0000000e+0 0.70710678 0.70710678
vn 0.0000000e+0 0.70710678 -0.70710678
vn 1.00000000 0.0000000e+0 0.0000000e+0
vn 0.0000000e+0 0.70710678 0.70710678
vn 0.0000000e+0 -0.70710678 0.70710678
vn 1.00000000 0.0000000e+0 0.0000000e+0
vn 0.0000000e+0 -0.70710678 -0.70710678
vn 0.0000000e+0 0.70710678 -0.70710678
vn -1.00000000 0.0000000e+0 0.0000000e+0
vn 0.0000000e+0 -0.70710678 -0.70710678
vn 0.0000000e+0 -0.70710678 0.70710678
vn -1.00000000 0.0000000e+0 0.0000000e+0
vn 0.0000000e+0 0.70710678 0.70710678
vn 0.0000000e+0 0.70710678 -0.70710678
vn -1.00000000 0.0000000e+0 0.0000000e+0
vn 0.0000000e+0 0.70710678 0.70710678
vn 0.0000000e+0 -0.70710678 0.70710678
vn -1.00000000 0.0000000e+0 0.0000000e+0
vn 0.0000000e+0 -0.70710678 -0.70710678
vn 0.0000000e+0 0.70710678 -0.70710678
vn 1.00000000 0.0000000e+0 0.0000000e+0
vn 0.0000000e+0 -0.70710678 -0.70710678
vn 0.0000000e+0 -0.70710678 0.70710678
vn 1.00000000 0.0000000e+0 0.0000000e+0
vn 0.0000000e+0 0.70710678 0.70710678
vn 0.0000000e+0 0.70710678 -0.70710678
vn 1.00000000 0.0000000e+0 0.0000000e+0
vn 0.0000000e+0 0.70710678 0.70710678
vn 0.0000000e+0 -0.70710678 0.70710678
vn 1.00000000 0.0000000e+0 0.0000000e+0
vn 0.90630779 -0.42261826 0.0000000e+0
vn 0.0000000e+0 0.0000000e+0 -1.00000000
vn -0.42261826 -0.90630779 0.0000000e+0
vn 0.90630779 -0.42261826 0.0000000e+0
vn 0.0000000e+0 0.0000000e+0 1.00000000
vn -0.42261826 -0.90630779 0.0000000e+0
vn -0.90630779 0.42261826 0.0000000e+0
vn 0.0000000e+0 0.0000000e+0 -1.00000000
vn -0.42261826 -0.90630779 0.0000000e+0
vn -0.90630779 0.42261826 0.0000000e+0
vn 0.0000000e+0 0.0000000e+0 1.00000000
vn -0.42261826 -0.90630779 0.0000000e+0
vn 0.90630779 -0.42261826 0.0000000e+0
vn 0.0000000e+0 0.0000000e+0 -1.00000000
vn 0.42261826 0.90630779 0.0000000e+0
vn 0.90630779 -0.42261826 0.0000000e+0
vn 0.0000000e+0 0.0000000e+0 1.00000000
vn 0.42261826 0.90630779 0.0000000e+0
vn -0.90630779 0.42261826 0.0000000e+0
vn 0.0000000e+0 0.0000000e+0 -1.00000000
vn 0.42261826 0.90630779 0.0000000e+0
vn -0.90630779 0.42261826 0.0000000e+0
vn 0.0000000e+0 0.0000000e+0 1.00000000
vn 0.42261826 0.90630779 0.0000000e+0
vn 0.40557979 -0.40557979 0.81915204
vn 0.57922797 -0.57922797 -0.57357644
vn -0.70710678 -0.70710678 -2.4135283e-16
vn 0.40557979 -0.40557979 0.81915204
vn -0.57922797 0.57922797 0.57357644
vn -0.70710678 -0.70710678 -2.4135283e-16
vn -0.40557979 0.40557979 -0.81915204
vn 0.57922797 -0.57922797 -0.57357644
vn -0.70710678 -0.70710678 -2.4135283e-16
vn -0.40557979 0.40557979 -0.81915204
vn -0.57922797 0.57922797 0.57357644
vn -0.70710678 -0.70710678 -2.4135283e-16
vn 0.40557979 -0.40557979 0.81915204
vn 0.57922797 -0.57922797 -0.57357644
vn 0.70710678 0.70710678 2.4135283e-16
vn 0.40557979 -0.40557979 0.81915204
vn -0.57922797 0.57922797 0.57357644
vn 0.70710678 0.70710678 2.4135283e-16
vn -0.40557979 0.40557979 -0.81915204
vn 0.57922797 -0.57922797 -0.57357644
vn 0.70710678 0.70710678 2.4135283e-16
vn -0.40557979 0.40557979 -0.81915204
vn -0.57922797 0.57922797 0.57357644
vn 0.70710678 0.70710678 2.4135283e-16
vn 0.40557979 -0.40557979 0.81915204
vn 0.57922797 -0.57922797 -0.57357644
vn -0.70710678 -0.70710678 -2.4135283e-16
vn 0.40557979 -0.40557979 0.81915204
vn -0.57922797 0.57922797 0.57357644
vn -0.70710678 -0.70710678 -2.4135283e-16
vn -0.40557979 0.40557979 -0.81915204
vn 0.57922797 -0.57922797 -0.57357644
vn -0.70710678 -0.70710678 -2.4135283e-16
vn -0.40557979 0.40557979 -0.81915204
vn -0.57922797 0.57922797 0.57357644
vn -0.70710678 -0.70710678 -2.4135283e-16
vn 0.40557979 -0.40557979 0.81915204
vn 0.57922797 -0.57922797 -0.57357644
vn 0.70710678 0.70710678 2.4135283e-16
vn 0.40557979 -0.40557979 0.81915204
vn -0.57922797 0.57922797 0.57357644
vn 0.70710678 0.70710678 2.4135283e-16
vn -0.40557979 0.40557979 -0.81915204
vn 0.57922797 -0.57922797 -0.57357644
vn 0.70710678 0.70710678 2.4135283e-16
vn -0.40557979 0.40557979 -0.81915204
vn -0.57922797 0.57922797 0.57357644
vn 0.70710678 0.70710678 2.4135283e-16
vn -0.57206140 -0.57206140 0.58778525
vn -0.41562694 -0.41562694 -0.80901699
vn -0.70710678 0.70710678 0.0000000e+0
vn -0.57206140 -0.57206140 0.58778525
vn 0.41562694 0.41562694 0.80901699
vn -0.70710678 0.70710678 0.0000000e+0
vn 0.57206140 0.57206140 -0.58778525
vn -0.41562694 -0.41562694 -0.80901699
vn -0.70710678 0.70710678 0.0000000e+0
vn 0.57206140 0.57206140 -0.58778525
vn 0.41562694 0.41562694 0.80901699
vn -0.70710678 0.70710678 0.0000000e+0
vn -0.57206140 -0.57206140 0.58778525
vn -0.41562694 -0.41562694 -0.80901699
vn 0.70710678 -0.70710678 3.2653618e-16
vn -0.57206140 -0.57206140 0.58778525
vn 0.41562694 0.41562694 0.80901699
vn 0.70710678 -0.70710678 3.2653618e-16
vn 0.57206140 0.57206140 -0.58778525
vn -0.41562694 -0.41562694 -0.80901699
vn 0.70710678 -0.70710678 3.2653618e-16
vn 0.57206140 0.57206140 -0.58778525
vn 0.41562694 0.41562694 0.80901699
vn 0.70710678 -0.70710678 3.2653618e-16
vn -0.57206140 -0.57206140 0.58778525
vn -0.41562694 -0.41562694 -0.80901699
vn -0.70710678 0.70710678 0.0000000e+0
vn -0.57206140 -0.57206140 0.58778525
vn 0.41562694 0.41562694 0.80901699
vn -0.70710678 0.70710678 0.0000000e+0
vn 0.57206140 0.57206140 -0.58778525
vn -0.41562694 -0.41562694 -0.80901699
vn -0.70710678 0.70710678 0.0000000e+0
vn 0.57206140 0.57206140 -0.58778525
vn 0.41562694 0.41562694 0.80901699
vn -0.70710678 0.70710678 0.0000000e+0
vn -0.57206140 -0.57206140 0.58778525
vn -0.41562694 -0.41562694 -0.80901699
vn 0.70710678 -0.70710678 3.2653618e-16
vn -0.57206140 -0.57206140 0.58778525
vn 0.41562694 0.41562694 0.80901699
vn 0.70710678 -0.70710678 3.2653618e-16
vn 0.57206140 0.57206140 -0.58778525
vn -0.41562694 -0.41562694 -0.80901699
vn 0.70710678 -0.70710678 3.2653618e-16
vn 0.57206140 0.57206140 -0.58778525
vn 0.41562694 0.41562694 0.80901699
vn 0.70710678 -0.70710678 3.2653618e-16
g Cube1_Cube1_auv
usemtl Cube1_auv
s 1
f 2/95/4 6/107/16 8/108/22 4/96/10
f 3/82/7 7/78/19 5/77/13 1/81/1
f 9/284/25 13/282/37 14/281/40 10/283/28
f 12/297/34 16/307/46 15/308/43 11/298/31
f 17/311/49 21/312/61 22/288/64 18/287/52
f 20/43/58 24/44/70 23/16/67 19/15/55
f 26/303/76 28/304/82 27/278/79 25/277/73
f 29/305/85 31/306/91 32/280/94 30/279/88
f 33/119/98 35/211/102 36/251/104 34/117/100
f 37/261/106 39/118/110 40/121/112 38/249/108
f 41/219/114 43/120/118 44/271/120 42/252/116
f 45/272/122 47/262/126 48/250/128 46/122/124
f 50/234/134 52/233/140 51/126/137 49/127/131
f 53/263/143 55/264/149 56/254/152 54/253/146
f 66/105/182 68/5/188 67/6/185 65/106/179
f 69/21/191 71/24/197 72/4/200 70/1/194
f 74/134/205 78/242/217 80/241/223 76/133/211
f 75/237/208 79/128/220 77/129/214 73/236/202
f 82/131/229 86/239/241 88/240/247 84/132/235
f 83/243/232 87/136/244 85/135/238 81/244/226
f 90/95/252 94/107/264 96/108/270 92/96/258
f 91/82/255 95/78/267 93/77/261 89/81/249
f 98/39/278 100/40/284 99/12/281 97/11/275
f 101/301/287 103/302/293 104/276/296 102/275/290
f 106/47/302 108/48/308 107/20/305 105/19/299
f 109/309/311 111/310/317 112/286/320 110/285/314
f 114/303/324 116/304/330 115/278/327 113/277/321
f 117/305/333 119/306/339 120/280/342 118/279/336
f 121/119/346 123/211/350 124/251/352 122/117/348
f 126/54/355 128/53/359 127/55/357 125/56/353
f 130/57/363 132/65/367 131/66/365 129/58/361
f 134/76/371 136/70/375 135/69/373 133/75/369
f 138/171/381 142/216/393 144/215/399 140/170/387
f 139/202/384 143/158/396 141/157/390 137/201/378
f 162/220/454 164/196/460 163/152/457 161/174/451
f 165/212/463 167/208/469 168/164/472 166/167/466
s 2
f 2/37/5 4/38/11 3/10/8 1/9/2
f 5/299/14 7/300/20 8/274/23 6/273/17
f 10/39/30 12/40/36 11/12/33 9/11/27
f 13/301/39 15/302/45 16/276/48 14/275/42
f 18/49/53 22/59/65 24/60/71 20/50/59
f 19/110/56 23/98/68 21/97/62 17/109/50
f 25/45/74 29/46/86 30/18/89 26/17/77
f 28/41/83 32/42/95 31/14/92 27/13/80
f 34/115/99 36/116/103 35/114/101 33/113/97
f 38/54/107 40/53/111 39/55/109 37/56/105
f 42/57/115 44/65/119 43/66/117 41/58/113
f 46/76/123 48/70/127 47/69/125 45/75/121
f 58/248/158 60/247/164 59/139/161 57/140/155
f 61/267/167 63/268/173 64/258/176 62/257/170
f 66/104/181 70/103/193 72/2/199 68/3/187
f 67/238/184 71/130/196 69/125/190 65/226/178
f 82/102/230 84/23/236 83/22/233 81/101/227
f 85/317/239 87/318/245 88/314/248 86/313/242
f 90/37/253 92/38/259 91/10/256 89/9/250
f 93/299/262 95/300/268 96/274/271 94/273/265
f 97/284/273 101/282/285 102/281/288 98/283/276
f 100/297/282 104/307/294 103/308/291 99/298/279
f 105/311/297 109/312/309 110/288/312 106/287/300
f 108/43/306 112/44/318 111/16/315 107/15/303
f 113/45/322 117/46/334 118/18/337 114/17/325
f 116/41/331 120/42/343 119/14/340 115/13/328
f 122/115/347 124/116/351 123/114/349 121/113/345
f 125/261/354 127/118/358 128/121/360 126/249/356
f 129/219/362 131/120/366 132/271/368 130/252/364
f 133/272/370 135/262/374 136/250/376 134/122/372
