# Exported from Wings 3D 2.1.5
mtllib truss_medium.mtl
o Cube1
#160 vertices, 120 faces
v 0.90000000 -2.10032016 -1.00000000
v 0.90000000 -2.10032016 1.00000000
v 0.90000000 -1.90032016 -1.00000000
v 0.90000000 -1.90032016 1.00000000
v 1.10000000 -2.10032016 -1.00000000
v 1.10000000 -2.10032016 1.00000000
v 1.10000000 -1.90032016 -1.00000000
v 1.10000000 -1.90032016 1.00000000
v -1.10000000 -2.10032016 -1.00000000
v -1.10000000 -2.10032016 1.00000000
v -1.10000000 -1.90032016 -1.00000000
v -1.10000000 -1.90032016 1.00000000
v -0.90000000 -2.10032016 -1.00000000
v -0.90000000 -2.10032016 1.00000000
v -0.90000000 -1.90032016 -1.00000000
v -0.90000000 -1.90032016 1.00000000
v -1.00000000 -2.10032016 -0.90000000
v 1.00000000 -2.10032016 -0.90000000
v -1.00000000 -1.90032016 -0.90000000
v 1.00000000 -1.90032016 -0.90000000
v -1.00000000 -2.10032016 -1.10000000
v 1.00000000 -2.10032016 -1.10000000
v -1.00000000 -1.90032016 -1.10000000
v 1.00000000 -1.90032016 -1.10000000
v -1.00000000 -2.10032016 1.10000000
v 1.00000000 -2.10032016 1.10000000
v -1.00000000 -1.90032016 1.10000000
v 1.00000000 -1.90032016 1.10000000
v -1.00000000 -2.10032016 0.90000000
v 1.00000000 -2.10032016 0.90000000
v -1.00000000 -1.90032016 0.90000000
v 1.00000000 -1.90032016 0.90000000
v 0.90000000 1.89967984 -1.00000000
v 0.90000000 1.89967984 1.00000000
v 0.90000000 2.09967984 -1.00000000
v 0.90000000 2.09967984 1.00000000
v 1.10000000 1.89967984 -1.00000000
v 1.10000000 1.89967984 1.00000000
v 1.10000000 2.09967984 -1.00000000
v 1.10000000 2.09967984 1.00000000
v -1.10000000 1.89967984 -1.00000000
v -1.10000000 1.89967984 1.00000000
v -1.10000000 2.09967984 -1.00000000
v -1.10000000 2.09967984 1.00000000
v -0.90000000 1.89967984 -1.00000000
v -0.90000000 1.89967984 1.00000000
v -0.90000000 2.09967984 -1.00000000
v -0.90000000 2.09967984 1.00000000
v -1.00000000 1.89967984 -0.90000000
v 1.00000000 1.89967984 -0.90000000
v -1.00000000 2.09967984 -0.90000000
v 1.00000000 2.09967984 -0.90000000
v -1.00000000 1.89967984 -1.10000000
v 1.00000000 1.89967984 -1.10000000
v -1.00000000 2.09967984 -1.10000000
v 1.00000000 2.09967984 -1.10000000
v -1.00000000 1.89967984 1.10000000
v 1.00000000 1.89967984 1.10000000
v -1.00000000 2.09967984 1.10000000
v 1.00000000 2.09967984 1.10000000
v -1.00000000 1.89967984 0.90000000
v 1.00000000 1.89967984 0.90000000
v -1.00000000 2.09967984 0.90000000
v 1.00000000 2.09967984 0.90000000
v 0.80000000 -2.00032016 0.80000000
v 0.80000000 -2.00032016 1.00000000
v 0.80000000 1.99967984 0.80000000
v 0.80000000 1.99967984 1.00000000
v 1.00000000 -2.00032016 0.80000000
v 1.00000000 -2.00032016 1.00000000
v 1.00000000 1.99967984 0.80000000
v 1.00000000 1.99967984 1.00000000
v 0.80000000 -2.00032016 -1.00000000
v 0.80000000 -2.00032016 -0.80000000
v 0.80000000 1.99967984 -1.00000000
v 0.80000000 1.99967984 -0.80000000
v 1.00000000 -2.00032016 -1.00000000
v 1.00000000 -2.00032016 -0.80000000
v 1.00000000 1.99967984 -1.00000000
v 1.00000000 1.99967984 -0.80000000
v -1.00000000 -2.00032016 -1.00000000
v -1.00000000 -2.00032016 -0.80000000
v -1.00000000 1.99967984 -1.00000000
v -1.00000000 1.99967984 -0.80000000
v -0.80000000 -2.00032016 -1.00000000
v -0.80000000 -2.00032016 -0.80000000
v -0.80000000 1.99967984 -1.00000000
v -0.80000000 1.99967984 -0.80000000
v -1.00000000 -2.00032016 0.80000000
v -1.00000000 -2.00032016 1.00000000
v -1.00000000 1.99967984 0.80000000
v -1.00000000 1.99967984 1.00000000
v -0.80000000 -2.00032016 0.80000000
v -0.80000000 -2.00032016 1.00000000
v -0.80000000 1.99967984 0.80000000
v -0.80000000 1.99967984 1.00000000
v 0.91000000 -2.08037917 -0.83241440
v 0.99000000 -2.08037917 -0.83241440
v 0.91000000 6.4545273e-2 0.96739091
v 0.99000000 6.4545273e-2 0.96739091
v 0.91000000 -1.95182165 -0.98562329
v 0.99000000 -1.95182165 -0.98562329
v 0.91000000 0.19310279 0.81418202
v 0.99000000 0.19310279 0.81418202
v 0.91000000 -4.0255453e-2 0.96739091
v 0.99000000 -4.0255453e-2 0.96739091
v 0.91000000 2.06121197 -0.79594963
v 0.99000000 2.06121197 -0.79594963
v 0.91000000 -0.16881298 0.81418202
v 0.99000000 -0.16881298 0.81418202
v 0.91000000 1.93265444 -0.94915852
v 0.99000000 1.93265444 -0.94915852
v -0.91000000 -2.08037917 0.83241440
v -0.99000000 -2.08037917 0.83241440
v -0.91000000 6.4545273e-2 -0.96739091
v -0.99000000 6.4545273e-2 -0.96739091
v -0.91000000 -1.95182165 0.98562329
v -0.99000000 -1.95182165 0.98562329
v -0.91000000 0.19310279 -0.81418202
v -0.99000000 0.19310279 -0.81418202
v -0.91000000 -4.0255453e-2 -0.96739091
v -0.99000000 -4.0255453e-2 -0.96739091
v -0.91000000 2.06121197 0.79594963
v -0.99000000 2.06121197 0.79594963
v -0.91000000 -0.16881298 -0.81418202
v -0.99000000 -0.16881298 -0.81418202
v -0.91000000 1.93265444 0.94915852
v -0.99000000 1.93265444 0.94915852
v 0.83241440 -2.08037917 0.91000000
v 0.83241440 -2.08037917 0.99000000
v -0.96739091 6.4545273e-2 0.91000000
v -0.96739091 6.4545273e-2 0.99000000
v 0.98562329 -1.95182165 0.91000000
v 0.98562329 -1.95182165 0.99000000
v -0.81418202 0.19310279 0.91000000
v -0.81418202 0.19310279 0.99000000
v -0.96739091 -4.0255453e-2 0.91000000
v -0.96739091 -4.0255453e-2 0.99000000
v 0.79594963 2.06121197 0.91000000
v 0.79594963 2.06121197 0.99000000
v -0.81418202 -0.16881298 0.91000000
v -0.81418202 -0.16881298 0.99000000
v 0.94915852 1.93265444 0.91000000
v 0.94915852 1.93265444 0.99000000
v -0.83241440 -2.08037917 -0.91000000
v -0.83241440 -2.08037917 -0.99000000
v 0.96739091 6.4545273e-2 -0.91000000
v 0.96739091 6.4545273e-2 -0.99000000
v -0.98562329 -1.95182165 -0.91000000
v -0.98562329 -1.95182165 -0.99000000
v 0.81418202 0.19310279 -0.91000000
v 0.81418202 0.19310279 -0.99000000
v 0.96739091 -4.0255453e-2 -0.91000000
v 0.96739091 -4.0255453e-2 -0.99000000
v -0.79594963 2.06121197 -0.91000000
v -0.79594963 2.06121197 -0.99000000
v 0.81418202 -0.16881298 -0.91000000
v 0.81418202 -0.16881298 -0.99000000
v -0.94915852 1.93265444 -0.91000000
v -0.94915852 1.93265444 -0.99000000
vt 2.7660606e-2 0.90258081
vt 2.7660606e-2 0.92700505
vt 2.9393939e-2 0.82112121
vt 2.9393939e-2 0.84554545
vt 2.9393939e-2 0.85142424
vt 2.9393939e-2 0.87584848
vt 2.9393939e-2 0.90615152
vt 2.9393939e-2 0.93645455
vt 2.9393939e-2 0.94233333
vt 2.9393939e-2 0.96675758
vt 2.9393939e-2 0.73021212
vt 2.9393939e-2 0.75463636
vt 2.9393939e-2 0.76051515
vt 2.9393939e-2 0.78493939
vt 2.9393939e-2 0.81524242
vt 2.9393939e-2 0.63342424
vt 2.9393939e-2 0.66372727
vt 2.9393939e-2 0.69403030
vt 2.9393939e-2 0.72433333
vt 2.9393939e-2 0.88172727
vt 2.9393939e-2 0.91203030
vt 2.9393939e-2 0.79081818
vt 2.9393939e-2 0.60900000
vt 2.9393939e-2 0.63930303
vt 2.9393939e-2 0.66960606
vt 2.9393939e-2 0.69990909
vt 3.1244990e-2 0.46678303
vt 3.1244990e-2 3.0077576e-2
vt 5.3080263e-2 0.46678303
vt 5.3080263e-2 3.0077576e-2
vt 6.1548020e-2 0.46678303
vt 6.1548020e-2 3.0077576e-2
vt 8.3383293e-2 0.46678303
vt 8.3383293e-2 3.0077576e-2
vt 9.1851051e-2 0.46678303
vt 9.1851051e-2 3.0077576e-2
vt 0.11368632 0.46678303
vt 0.11368632 3.0077576e-2
vt 0.12215408 0.46678303
vt 0.12215408 3.0077576e-2
vt 0.14398935 0.46678303
vt 0.14398935 3.0077576e-2
vt 0.15245711 0.46678303
vt 0.15245711 3.0077576e-2
vt 0.17429238 0.46678303
vt 0.17429238 3.0077576e-2
vt 0.18276014 0.46678303
vt 0.18276014 3.0077576e-2
vt 0.20459541 0.46678303
vt 0.20459541 3.0077576e-2
vt 0.21306317 0.46678303
vt 0.21306317 3.0077576e-2
vt 0.23489844 0.46678303
vt 0.23489844 3.0077576e-2
vt 0.24336620 0.46678303
vt 0.24336620 3.0077576e-2
vt 0.26520147 0.46678303
vt 0.26520147 3.0077576e-2
vt 0.27190303 0.90258081
vt 0.27190303 0.92700505
vt 0.27363636 0.90615152
vt 0.27363636 0.93645455
vt 0.27363636 0.94233333
vt 0.27363636 0.96675758
vt 0.27363636 0.81524242
vt 0.27363636 0.82112121
vt 0.27363636 0.84554545
vt 0.27363636 0.85142424
vt 0.27363636 0.87584848
vt 0.27363636 0.88172727
vt 0.27363636 0.91203030
vt 0.27363636 0.73021212
vt 0.27363636 0.75463636
vt 0.27363636 0.76051515
vt 0.27363636 0.78493939
vt 0.27363636 0.79081818
vt 0.27363636 0.60900000
vt 0.27363636 0.63342424
vt 0.27363636 0.63930303
vt 0.27363636 0.66372727
vt 0.27363636 0.66960606
vt 0.27363636 0.69403030
vt 0.27363636 0.69990909
vt 0.27363636 0.72433333
vt 0.27366923 3.0077576e-2
vt 0.27366923 0.46678303
vt 0.27936162 0.73899293
vt 0.27936162 0.76341717
vt 0.27936162 0.67838687
vt 0.27936162 0.70281111
vt 0.28112525 0.70868990
vt 0.28112525 0.73311414
vt 0.28112525 0.58747778
vt 0.28112525 0.61190202
vt 0.28112525 0.61778081
vt 0.28112525 0.64220505
vt 0.28112525 0.64808384
vt 0.28112525 0.67250808
vt 0.28913131 0.73899293
vt 0.28913131 0.76341717
vt 0.28913131 0.67838687
vt 0.28913131 0.70281111
vt 0.29148283 0.73899293
vt 0.29148283 0.76341717
vt 0.29148283 0.67838687
vt 0.29148283 0.70281111
vt 0.29550451 3.0077576e-2
vt 0.29550451 0.46678303
vt 0.30125253 0.73899293
vt 0.30125253 0.76341717
vt 0.30125253 0.67838687
vt 0.30125253 0.70281111
vt 0.30397226 3.0077576e-2
vt 0.30397226 0.46678303
vt 0.30536768 0.73722929
vt 0.30536768 0.74699899
vt 0.30536768 0.67662323
vt 0.30536768 0.68639293
vt 0.30536768 0.68874444
vt 0.30536768 0.69851414
vt 0.30554949 0.70868990
vt 0.30554949 0.73311414
vt 0.30554949 0.58747778
vt 0.30554949 0.61190202
vt 0.30554949 0.61778081
vt 0.30554949 0.64220505
vt 0.30554949 0.64808384
vt 0.30554949 0.67250808
vt 0.31142828 0.70868990
vt 0.31142828 0.73311414
vt 0.31142828 0.58747778
vt 0.31142828 0.61190202
vt 0.31142828 0.61778081
vt 0.31142828 0.64220505
vt 0.31142828 0.64808384
vt 0.31142828 0.67250808
vt 0.32580754 3.0077576e-2
vt 0.32580754 0.46678303
vt 0.32979192 0.73722929
vt 0.32979192 0.74699899
vt 0.32979192 0.68874444
vt 0.32979192 0.69851414
vt 0.32979192 0.67662323
vt 0.32979192 0.68639293
vt 0.33427529 0.46678303
vt 0.33427529 3.0077576e-2
vt 0.33567071 0.73722929
vt 0.33567071 0.74699899
vt 0.33567071 0.67662323
vt 0.33567071 0.68639293
vt 0.33567071 0.68874444
vt 0.33567071 0.69851414
vt 0.33585253 0.70868990
vt 0.33585253 0.73311414
vt 0.33585253 0.58747778
vt 0.33585253 0.61190202
vt 0.33585253 0.61778081
vt 0.33585253 0.64220505
vt 0.33585253 0.64808384
vt 0.33585253 0.67250808
vt 0.34173131 0.70868990
vt 0.34173131 0.73311414
vt 0.34173131 0.58571414
vt 0.34173131 0.59548384
vt 0.34173131 0.61778081
vt 0.34173131 0.64220505
vt 0.34173131 0.64808384
vt 0.34173131 0.67250808
vt 0.34173131 0.59783535
vt 0.34173131 0.60760505
vt 0.35611057 0.46678303
vt 0.35611057 3.0077576e-2
vt 0.36009495 0.73722929
vt 0.36009495 0.74699899
vt 0.36009495 0.68874444
vt 0.36009495 0.69851414
vt 0.36009495 0.67662323
vt 0.36009495 0.68639293
vt 0.36457832 0.46678303
vt 0.36457832 3.0077576e-2
vt 0.36597374 0.67838687
vt 0.36597374 0.70281111
vt 0.36615556 0.70868990
vt 0.36615556 0.73311414
vt 0.36615556 0.59783535
vt 0.36615556 0.60760505
vt 0.36615556 0.58571414
vt 0.36615556 0.59548384
vt 0.36615556 0.61778081
vt 0.36615556 0.64220505
vt 0.36615556 0.64808384
vt 0.36615556 0.67250808
vt 0.37203434 0.70868990
vt 0.37203434 0.73311414
vt 0.37203434 0.61778081
vt 0.37203434 0.64220505
vt 0.37203434 0.64808384
vt 0.37203434 0.67250808
vt 0.37203434 0.58747778
vt 0.37203434 0.61190202
vt 0.38641360 0.46678303
vt 0.38641360 3.0077576e-2
vt 0.39028788 0.37815354
vt 0.39028788 0.13391111
vt 0.39039798 0.67838687
vt 0.39039798 0.70281111
vt 0.39627677 0.67838687
vt 0.39627677 0.70281111
vt 0.39645859 0.70868990
vt 0.39645859 0.73311414
vt 0.39645859 0.61778081
vt 0.39645859 0.64220505
vt 0.39645859 0.64808384
vt 0.39645859 0.67250808
vt 0.39645859 0.58747778
vt 0.39645859 0.61190202
vt 0.40233737 0.70868990
vt 0.40233737 0.73311414
vt 0.40233737 0.61778081
vt 0.40233737 0.64220505
vt 0.40233737 0.64808384
vt 0.40233737 0.67250808
vt 0.40233737 0.58747778
vt 0.40233737 0.61190202
vt 0.41471212 0.37815354
vt 0.41471212 0.13391111
vt 0.42070101 0.67838687
vt 0.42070101 0.70281111
vt 0.42657980 0.67838687
vt 0.42657980 0.70281111
vt 0.42676162 0.70868990
vt 0.42676162 0.73311414
vt 0.42676162 0.58747778
vt 0.42676162 0.61190202
vt 0.42676162 0.61778081
vt 0.42676162 0.64220505
vt 0.42676162 0.64808384
vt 0.42676162 0.67250808
vt 0.43087677 0.70868990
vt 0.43087677 0.73311414
vt 0.43087677 0.64808384
vt 0.43087677 0.67250808
vt 0.43264040 0.58747778
vt 0.43264040 0.61190202
vt 0.43264040 0.61778081
vt 0.43264040 0.64220505
vt 0.44064646 0.70868990
vt 0.44064646 0.73311414
vt 0.44064646 0.64808384
vt 0.44064646 0.67250808
vt 0.44277302 0.46886061
vt 0.44277302 2.1854418e-2
vt 0.44299798 0.70868990
vt 0.44299798 0.73311414
vt 0.44299798 0.64808384
vt 0.44299798 0.67250808
vt 0.44377619 3.3987751e-2
vt 0.44377619 0.48099394
vt 0.44410635 0.26276389
vt 0.44410635 0.71901389
vt 0.44647619 0.46975278
vt 0.44647619 0.92600278
vt 0.45091746 0.82953839
vt 0.45091746 0.38253220
vt 0.45100404 0.67838687
vt 0.45100404 0.70281111
vt 0.45126508 0.49243056
vt 0.45126508 0.94868056
vt 0.45134286 0.99666061
vt 0.45134286 0.54965442
vt 0.45257302 0.13305278
vt 0.45257302 0.58930278
vt 0.45276768 0.70868990
vt 0.45276768 0.73311414
vt 0.45276768 0.64808384
vt 0.45276768 0.67250808
vt 0.45580873 0.46886061
vt 0.45580873 2.1854418e-2
vt 0.45681190 3.3987751e-2
vt 0.45681190 0.48099394
vt 0.45706465 0.61778081
vt 0.45706465 0.64220505
vt 0.45706465 0.58747778
vt 0.45706465 0.61190202
vt 0.45714206 0.26276389
vt 0.45714206 0.71901389
vt 0.45951190 0.92600278
vt 0.45951190 0.46975278
vt 0.46395317 0.82953839
vt 0.46395317 0.38253220
vt 0.46430079 0.49243056
vt 0.46430079 0.94868056
vt 0.46437857 0.99666061
vt 0.46437857 0.54965442
vt 0.46560873 0.13305278
vt 0.46560873 0.58930278
vt 0.48839802 0.46886061
vt 0.48839802 2.1854418e-2
vt 0.48940119 3.3987751e-2
vt 0.48940119 0.48099394
vt 0.48973135 0.26276389
vt 0.48973135 0.71901389
vt 0.49210119 0.46975278
vt 0.49210119 0.92600278
vt 0.49654246 0.82953839
vt 0.49654246 0.38253220
vt 0.49689008 0.49243056
vt 0.49689008 0.94868056
vt 0.49696786 0.99666061
vt 0.49696786 0.54965442
vt 0.49819802 0.13305278
vt 0.49819802 0.58930278
vt 0.50143373 0.46886061
vt 0.50143373 2.1854418e-2
vt 0.50243690 3.3987751e-2
vt 0.50243690 0.48099394
vt 0.50276706 0.26276389
vt 0.50276706 0.71901389
vt 0.50513690 0.46975278
vt 0.50513690 0.92600278
vt 0.50957817 0.82953839
vt 0.50957817 0.38253220
vt 0.50992579 0.49243056
vt 0.50992579 0.94868056
vt 0.51000357 0.99666061
vt 0.51000357 0.54965442
vt 0.51123373 0.13305278
vt 0.51123373 0.58930278
vt 0.53402302 0.46886061
vt 0.53402302 2.1854418e-2
vt 0.53502619 3.3987751e-2
vt 0.53502619 0.48099394
vt 0.53535635 0.26276389
vt 0.53535635 0.71901389
vt 0.53772619 0.46975278
vt 0.53772619 0.92600278
vt 0.54216746 0.82953839
vt 0.54216746 0.38253220
vt 0.54251508 0.49243056
vt 0.54251508 0.94868056
vt 0.54259286 0.99666061
vt 0.54259286 0.54965442
vt 0.54382302 0.13305278
vt 0.54382302 0.58930278
vt 0.56812020 7.7761616e-2
vt 0.56812020 0.10218586
vt 0.56812020 0.10806465
vt 0.56812020 0.13248889
vt 0.57436869 0.84685556
vt 0.57436869 0.87127980
vt 0.57436869 0.69534040
vt 0.57436869 0.71976465
vt 0.57436869 0.72564343
vt 0.57436869 0.75006768
vt 0.57436869 0.78624949
vt 0.57436869 0.81067374
vt 0.57436869 0.81655253
vt 0.57436869 0.84097677
vt 0.61198687 8.0878788e-3
vt 0.61198687 0.49657273
vt 0.61374343 0.43923939
vt 0.61374343 0.19499697
vt 0.63641111 8.0878788e-3
vt 0.63641111 0.49657273
vt 0.63816768 0.43923939
vt 0.63816768 0.19499697
vt 0.64404646 0.43923939
vt 0.64404646 0.19499697
vt 0.65381313 0.89492525
vt 0.65381313 0.91934949
vt 0.65912020 0.63060606
vt 0.65912020 0.65503030
vt 0.65912020 0.66090909
vt 0.65912020 0.68533333
vt 0.65912020 0.69121212
vt 0.65912020 0.71563636
vt 0.66847071 0.43923939
vt 0.66847071 0.19499697
vt 0.67434949 0.43923939
vt 0.67434949 0.19499697
vt 0.67504848 6.0656566e-3
vt 0.67504848 0.49455051
vt 0.69877374 0.43923939
vt 0.69877374 0.19499697
vt 0.69947273 6.0656566e-3
vt 0.69947273 0.49455051
vt 0.70465253 0.19499697
vt 0.70465253 0.43923939
vt 0.72907677 0.43923939
vt 0.72907677 0.19499697
vt 0.73495556 0.19499697
vt 0.73495556 0.43923939
vt 0.75937980 0.19499697
vt 0.75937980 0.43923939
vt 0.76525859 0.19499697
vt 0.76525859 0.43923939
vt 0.78968283 0.43923939
vt 0.78968283 0.19499697
vt 0.79556162 0.19499697
vt 0.79556162 0.43923939
vt 0.80704040 6.7878788e-3
vt 0.80704040 0.49527273
vt 0.81236263 7.7761616e-2
vt 0.81236263 0.10218586
vt 0.81236263 0.10806465
vt 0.81236263 0.13248889
vt 0.81861111 0.84685556
vt 0.81861111 0.87127980
vt 0.81861111 0.81067374
vt 0.81861111 0.84097677
vt 0.81861111 0.69534040
vt 0.81861111 0.71976465
vt 0.81861111 0.72564343
vt 0.81861111 0.75006768
vt 0.81861111 0.78624949
vt 0.81861111 0.81655253
vt 0.81998586 0.19499697
vt 0.81998586 0.43923939
vt 0.83146465 6.7878788e-3
vt 0.83146465 0.49527273
vt 0.87556768 1.8767677e-3
vt 0.87556768 0.49036162
vt 0.89805556 0.89492525
vt 0.89805556 0.91934949
vt 0.89999192 1.8767677e-3
vt 0.89999192 0.49036162
vt 0.90336263 0.63060606
vt 0.90336263 0.65503030
vt 0.90336263 0.66090909
vt 0.90336263 0.68533333
vt 0.90336263 0.69121212
vt 0.90336263 0.71563636
vn 0.0000000e+0 -1.00000000 0.0000000e+0
vn 0.0000000e+0 0.0000000e+0 -1.00000000
vn -1.00000000 0.0000000e+0 0.0000000e+0
vn 0.0000000e+0 -1.00000000 0.0000000e+0
vn 0.0000000e+0 0.0000000e+0 1.00000000
vn -1.00000000 0.0000000e+0 0.0000000e+0
vn 0.0000000e+0 1.00000000 0.0000000e+0
vn 0.0000000e+0 0.0000000e+0 -1.00000000
vn -1.00000000 0.0000000e+0 0.0000000e+0
vn 0.0000000e+0 1.00000000 0.0000000e+0
vn 0.0000000e+0 0.0000000e+0 1.00000000
vn -1.00000000 0.0000000e+0 0.0000000e+0
vn 0.0000000e+0 -1.00000000 0.0000000e+0
vn 0.0000000e+0 0.0000000e+0 -1.00000000
vn 1.00000000 0.0000000e+0 0.0000000e+0
vn 0.0000000e+0 -1.00000000 0.0000000e+0
vn 0.0000000e+0 0.0000000e+0 1.00000000
vn 1.00000000 0.0000000e+0 0.0000000e+0
vn 0.0000000e+0 1.00000000 0.0000000e+0
vn 0.0000000e+0 0.0000000e+0 -1.00000000
vn 1.00000000 0.0000000e+0 0.0000000e+0
vn 0.0000000e+0 1.00000000 0.0000000e+0
vn 0.0000000e+0 0.0000000e+0 1.00000000
vn 1.00000000 0.0000000e+0 0.0000000e+0
vn 0.0000000e+0 -1.00000000 0.0000000e+0
vn 0.0000000e+0 0.0000000e+0 -1.00000000
vn -1.00000000 0.0000000e+0 0.0000000e+0
vn 0.0000000e+0 -1.00000000 0.0000000e+0
vn 0.0000000e+0 0.0000000e+0 1.00000000
vn -1.00000000 0.0000000e+0 0.0000000e+0
vn 0.0000000e+0 1.00000000 0.0000000e+0
vn 0.0000000e+0 0.0000000e+0 -1.00000000
vn -1.00000000 0.0000000e+0 0.0000000e+0
vn 0.0000000e+0 1.00000000 0.0000000e+0
vn 0.0000000e+0 0.0000000e+0 1.00000000
vn -1.00000000 0.0000000e+0 0.0000000e+0
vn 0.0000000e+0 -1.00000000 0.0000000e+0
vn 0.0000000e+0 0.0000000e+0 -1.00000000
vn 1.00000000 0.0000000e+0 0.0000000e+0
vn 0.0000000e+0 -1.00000000 0.0000000e+0
vn 0.0000000e+0 0.0000000e+0 1.00000000
vn 1.00000000 0.0000000e+0 0.0000000e+0
vn 0.0000000e+0 1.00000000 0.0000000e+0
vn 0.0000000e+0 0.0000000e+0 -1.00000000
vn 1.00000000 0.0000000e+0 0.0000000e+0
vn 0.0000000e+0 1.00000000 0.0000000e+0
vn 0.0000000e+0 0.0000000e+0 1.00000000
vn 1.00000000 0.0000000e+0 0.0000000e+0
vn 0.0000000e+0 -1.00000000 0.0000000e+0
vn -1.00000000 0.0000000e+0 -5.5511151e-16
vn -1.1102230e-16 0.0000000e+0 1.00000000
vn 0.0000000e+0 -1.00000000 0.0000000e+0
vn 1.00000000 0.0000000e+0 0.0000000e+0
vn -1.1102230e-16 0.0000000e+0 1.00000000
vn 0.0000000e+0 1.00000000 0.0000000e+0
vn -1.00000000 0.0000000e+0 -5.5511151e-16
vn -1.1102230e-16 0.0000000e+0 1.00000000
vn 0.0000000e+0 1.00000000 0.0000000e+0
vn 1.00000000 0.0000000e+0 0.0000000e+0
vn -1.1102230e-16 0.0000000e+0 1.00000000
vn 0.0000000e+0 -1.00000000 0.0000000e+0
vn -1.00000000 0.0000000e+0 -5.5511151e-16
vn 0.0000000e+0 0.0000000e+0 -1.00000000
vn 0.0000000e+0 -1.00000000 0.0000000e+0
vn 1.00000000 0.0000000e+0 0.0000000e+0
vn 0.0000000e+0 0.0000000e+0 -1.00000000
vn 0.0000000e+0 1.00000000 0.0000000e+0
vn -1.00000000 0.0000000e+0 -5.5511151e-16
vn 0.0000000e+0 0.0000000e+0 -1.00000000
vn 0.0000000e+0 1.00000000 0.0000000e+0
vn 1.00000000 0.0000000e+0 0.0000000e+0
vn 0.0000000e+0 0.0000000e+0 -1.00000000
vn 0.0000000e+0 -1.00000000 0.0000000e+0
vn -1.00000000 0.0000000e+0 0.0000000e+0
vn 0.0000000e+0 0.0000000e+0 1.00000000
vn 0.0000000e+0 -1.00000000 0.0000000e+0
vn 1.00000000 0.0000000e+0 0.0000000e+0
vn 0.0000000e+0 0.0000000e+0 1.00000000
vn 0.0000000e+0 1.00000000 0.0000000e+0
vn -1.00000000 0.0000000e+0 0.0000000e+0
vn 0.0000000e+0 0.0000000e+0 1.00000000
vn 0.0000000e+0 1.00000000 0.0000000e+0
vn 1.00000000 0.0000000e+0 0.0000000e+0
vn 0.0000000e+0 0.0000000e+0 1.00000000
vn 0.0000000e+0 -1.00000000 0.0000000e+0
vn -1.00000000 0.0000000e+0 0.0000000e+0
vn 1.1102230e-16 0.0000000e+0 -1.00000000
vn 0.0000000e+0 -1.00000000 0.0000000e+0
vn 1.00000000 0.0000000e+0 0.0000000e+0
vn 1.1102230e-16 0.0000000e+0 -1.00000000
vn 0.0000000e+0 1.00000000 0.0000000e+0
vn -1.00000000 0.0000000e+0 0.0000000e+0
vn 1.1102230e-16 0.0000000e+0 -1.00000000
vn 0.0000000e+0 1.00000000 0.0000000e+0
vn 1.00000000 0.0000000e+0 0.0000000e+0
vn 1.1102230e-16 0.0000000e+0 -1.00000000
vn 0.0000000e+0 -1.00000000 0.0000000e+0
vn 0.0000000e+0 0.0000000e+0 -1.00000000
vn -1.00000000 0.0000000e+0 0.0000000e+0
vn 0.0000000e+0 -1.00000000 0.0000000e+0
vn 0.0000000e+0 0.0000000e+0 1.00000000
vn -1.00000000 0.0000000e+0 0.0000000e+0
vn 0.0000000e+0 1.00000000 0.0000000e+0
vn 0.0000000e+0 0.0000000e+0 -1.00000000
vn -1.00000000 0.0000000e+0 0.0000000e+0
vn 0.0000000e+0 1.00000000 0.0000000e+0
vn 0.0000000e+0 0.0000000e+0 1.00000000
vn -1.00000000 0.0000000e+0 0.0000000e+0
vn 0.0000000e+0 -1.00000000 0.0000000e+0
vn 0.0000000e+0 0.0000000e+0 -1.00000000
vn 1.00000000 0.0000000e+0 0.0000000e+0
vn 0.0000000e+0 -1.00000000 0.0000000e+0
vn 0.0000000e+0 0.0000000e+0 1.00000000
vn 1.00000000 0.0000000e+0 0.0000000e+0
vn 0.0000000e+0 1.00000000 0.0000000e+0
vn 0.0000000e+0 0.0000000e+0 -1.00000000
vn 1.00000000 0.0000000e+0 0.0000000e+0
vn 0.0000000e+0 1.00000000 0.0000000e+0
vn 0.0000000e+0 0.0000000e+0 1.00000000
vn 1.00000000 0.0000000e+0 0.0000000e+0
vn 0.0000000e+0 -1.00000000 0.0000000e+0
vn 0.0000000e+0 0.0000000e+0 -1.00000000
vn -1.00000000 0.0000000e+0 0.0000000e+0
vn 0.0000000e+0 -1.00000000 0.0000000e+0
vn 0.0000000e+0 0.0000000e+0 1.00000000
vn -1.00000000 0.0000000e+0 0.0000000e+0
vn 0.0000000e+0 1.00000000 0.0000000e+0
vn 0.0000000e+0 0.0000000e+0 -1.00000000
vn -1.00000000 0.0000000e+0 0.0000000e+0
vn 0.0000000e+0 1.00000000 0.0000000e+0
vn 0.0000000e+0 0.0000000e+0 1.00000000
vn -1.00000000 0.0000000e+0 0.0000000e+0
vn 0.0000000e+0 -1.00000000 0.0000000e+0
vn 0.0000000e+0 0.0000000e+0 -1.00000000
vn 1.00000000 0.0000000e+0 0.0000000e+0
vn 0.0000000e+0 -1.00000000 0.0000000e+0
vn 0.0000000e+0 0.0000000e+0 1.00000000
vn 1.00000000 0.0000000e+0 0.0000000e+0
vn 0.0000000e+0 1.00000000 0.0000000e+0
vn 0.0000000e+0 0.0000000e+0 -1.00000000
vn 1.00000000 0.0000000e+0 0.0000000e+0
vn 0.0000000e+0 1.00000000 0.0000000e+0
vn 0.0000000e+0 0.0000000e+0 1.00000000
vn 1.00000000 0.0000000e+0 0.0000000e+0
vn 0.0000000e+0 -1.00000000 0.0000000e+0
vn -1.00000000 0.0000000e+0 -5.5511151e-16
vn -1.1102230e-16 0.0000000e+0 1.00000000
vn 0.0000000e+0 -1.00000000 0.0000000e+0
vn 1.00000000 0.0000000e+0 0.0000000e+0
vn -1.1102230e-16 0.0000000e+0 1.00000000
vn 0.0000000e+0 1.00000000 0.0000000e+0
vn -1.00000000 0.0000000e+0 -5.5511151e-16
vn -1.1102230e-16 0.0000000e+0 1.00000000
vn 0.0000000e+0 1.00000000 0.0000000e+0
vn 1.00000000 0.0000000e+0 0.0000000e+0
vn -1.1102230e-16 0.0000000e+0 1.00000000
vn 0.0000000e+0 -1.00000000 0.0000000e+0
vn -1.00000000 0.0000000e+0 -5.5511151e-16
vn 0.0000000e+0 0.0000000e+0 -1.00000000
vn 0.0000000e+0 -1.00000000 0.0000000e+0
vn 1.00000000 0.0000000e+0 0.0000000e+0
vn 0.0000000e+0 0.0000000e+0 -1.00000000
vn 0.0000000e+0 1.00000000 0.0000000e+0
vn -1.00000000 0.0000000e+0 -5.5511151e-16
vn 0.0000000e+0 0.0000000e+0 -1.00000000
vn 0.0000000e+0 1.00000000 0.0000000e+0
vn 1.00000000 0.0000000e+0 0.0000000e+0
vn 0.0000000e+0 0.0000000e+0 -1.00000000
vn 0.0000000e+0 -1.00000000 0.0000000e+0
vn -1.00000000 0.0000000e+0 0.0000000e+0
vn 0.0000000e+0 0.0000000e+0 1.00000000
vn 0.0000000e+0 -1.00000000 0.0000000e+0
vn 1.00000000 0.0000000e+0 0.0000000e+0
vn 0.0000000e+0 0.0000000e+0 1.00000000
vn 0.0000000e+0 1.00000000 0.0000000e+0
vn -1.00000000 0.0000000e+0 0.0000000e+0
vn 0.0000000e+0 0.0000000e+0 1.00000000
vn 0.0000000e+0 1.00000000 0.0000000e+0
vn 1.00000000 0.0000000e+0 0.0000000e+0
vn 0.0000000e+0 0.0000000e+0 1.00000000
vn 0.0000000e+0 -1.00000000 0.0000000e+0
vn -1.00000000 0.0000000e+0 0.0000000e+0
vn 1.1102230e-16 0.0000000e+0 -1.00000000
vn 0.0000000e+0 -1.00000000 0.0000000e+0
vn 1.00000000 0.0000000e+0 0.0000000e+0
vn 1.1102230e-16 0.0000000e+0 -1.00000000
vn 0.0000000e+0 1.00000000 0.0000000e+0
vn -1.00000000 0.0000000e+0 0.0000000e+0
vn 1.1102230e-16 0.0000000e+0 -1.00000000
vn 0.0000000e+0 1.00000000 0.0000000e+0
vn 1.00000000 0.0000000e+0 0.0000000e+0
vn 1.1102230e-16 0.0000000e+0 -1.00000000
vn 0.0000000e+0 -1.00000000 0.0000000e+0
vn 0.0000000e+0 0.0000000e+0 -1.00000000
vn -1.00000000 0.0000000e+0 0.0000000e+0
vn 0.0000000e+0 -1.00000000 0.0000000e+0
vn 0.0000000e+0 0.0000000e+0 1.00000000
vn -1.00000000 0.0000000e+0 0.0000000e+0
vn 0.0000000e+0 1.00000000 0.0000000e+0
vn 0.0000000e+0 0.0000000e+0 -1.00000000
vn -1.00000000 0.0000000e+0 0.0000000e+0
vn 0.0000000e+0 1.00000000 0.0000000e+0
vn 0.0000000e+0 0.0000000e+0 1.00000000
vn -1.00000000 0.0000000e+0 0.0000000e+0
vn 0.0000000e+0 -1.00000000 0.0000000e+0
vn 0.0000000e+0 0.0000000e+0 -1.00000000
vn 1.00000000 0.0000000e+0 0.0000000e+0
vn 0.0000000e+0 -1.00000000 0.0000000e+0
vn 0.0000000e+0 0.0000000e+0 1.00000000
vn 1.00000000 0.0000000e+0 0.0000000e+0
vn 0.0000000e+0 1.00000000 0.0000000e+0
vn 0.0000000e+0 0.0000000e+0 -1.00000000
vn 1.00000000 0.0000000e+0 0.0000000e+0
vn 0.0000000e+0 1.00000000 0.0000000e+0
vn 0.0000000e+0 0.0000000e+0 1.00000000
vn 1.00000000 0.0000000e+0 0.0000000e+0
vn 0.0000000e+0 -1.00000000 0.0000000e+0
vn 0.0000000e+0 0.0000000e+0 -1.00000000
vn -1.00000000 0.0000000e+0 0.0000000e+0
vn 0.0000000e+0 -1.00000000 0.0000000e+0
vn 0.0000000e+0 0.0000000e+0 1.00000000
vn -1.00000000 0.0000000e+0 0.0000000e+0
vn 0.0000000e+0 1.00000000 0.0000000e+0
vn 0.0000000e+0 0.0000000e+0 -1.00000000
vn -1.00000000 0.0000000e+0 0.0000000e+0
vn 0.0000000e+0 1.00000000 0.0000000e+0
vn 0.0000000e+0 0.0000000e+0 1.00000000
vn -1.00000000 0.0000000e+0 0.0000000e+0
vn 0.0000000e+0 -1.00000000 0.0000000e+0
vn 0.0000000e+0 0.0000000e+0 -1.00000000
vn 1.00000000 0.0000000e+0 0.0000000e+0
vn 0.0000000e+0 -1.00000000 0.0000000e+0
vn 0.0000000e+0 0.0000000e+0 1.00000000
vn 1.00000000 0.0000000e+0 0.0000000e+0
vn 0.0000000e+0 1.00000000 0.0000000e+0
vn 0.0000000e+0 0.0000000e+0 -1.00000000
vn 1.00000000 0.0000000e+0 0.0000000e+0
vn 0.0000000e+0 1.00000000 0.0000000e+0
vn 0.0000000e+0 0.0000000e+0 1.00000000
vn 1.00000000 0.0000000e+0 0.0000000e+0
vn 0.0000000e+0 -1.00000000 0.0000000e+0
vn 0.0000000e+0 0.0000000e+0 -1.00000000
vn -1.00000000 0.0000000e+0 0.0000000e+0
vn 0.0000000e+0 -1.00000000 0.0000000e+0
vn 0.0000000e+0 0.0000000e+0 1.00000000
vn -1.00000000 0.0000000e+0 0.0000000e+0
vn 0.0000000e+0 1.00000000 0.0000000e+0
vn 0.0000000e+0 0.0000000e+0 -1.00000000
vn -1.00000000 0.0000000e+0 0.0000000e+0
vn 0.0000000e+0 1.00000000 0.0000000e+0
vn 0.0000000e+0 0.0000000e+0 1.00000000
vn -1.00000000 0.0000000e+0 0.0000000e+0
vn 0.0000000e+0 -1.00000000 0.0000000e+0
vn 0.0000000e+0 0.0000000e+0 -1.00000000
vn 1.00000000 0.0000000e+0 0.0000000e+0
vn 0.0000000e+0 -1.00000000 0.0000000e+0
vn 0.0000000e+0 0.0000000e+0 1.00000000
vn 1.00000000 0.0000000e+0 0.0000000e+0
vn 0.0000000e+0 1.00000000 0.0000000e+0
vn 0.0000000e+0 0.0000000e+0 -1.00000000
vn 1.00000000 0.0000000e+0 0.0000000e+0
vn 0.0000000e+0 1.00000000 0.0000000e+0
vn 0.0000000e+0 0.0000000e+0 1.00000000
vn 1.00000000 0.0000000e+0 0.0000000e+0
vn 0.0000000e+0 -1.00000000 0.0000000e+0
vn 0.0000000e+0 0.0000000e+0 -1.00000000
vn -1.00000000 0.0000000e+0 0.0000000e+0
vn 0.0000000e+0 -1.00000000 0.0000000e+0
vn 0.0000000e+0 0.0000000e+0 1.00000000
vn -1.00000000 0.0000000e+0 0.0000000e+0
vn 0.0000000e+0 1.00000000 0.0000000e+0
vn 0.0000000e+0 0.0000000e+0 -1.00000000
vn -1.00000000 0.0000000e+0 0.0000000e+0
vn 0.0000000e+0 1.00000000 0.0000000e+0
vn 0.0000000e+0 0.0000000e+0 1.00000000
vn -1.00000000 0.0000000e+0 0.0000000e+0
vn 0.0000000e+0 -1.00000000 0.0000000e+0
vn 0.0000000e+0 0.0000000e+0 -1.00000000
vn 1.00000000 0.0000000e+0 0.0000000e+0
vn 0.0000000e+0 -1.00000000 0.0000000e+0
vn 0.0000000e+0 0.0000000e+0 1.00000000
vn 1.00000000 0.0000000e+0 0.0000000e+0
vn 0.0000000e+0 1.00000000 0.0000000e+0
vn 0.0000000e+0 0.0000000e+0 -1.00000000
vn 1.00000000 0.0000000e+0 0.0000000e+0
vn 0.0000000e+0 1.00000000 0.0000000e+0
vn 0.0000000e+0 0.0000000e+0 1.00000000
vn 1.00000000 0.0000000e+0 0.0000000e+0
vn 0.0000000e+0 -0.76604444 -0.64278761
vn -1.00000000 3.2644451e-16 -4.5072715e-16
vn 0.0000000e+0 -0.64278761 0.76604444
vn 0.0000000e+0 -0.76604444 -0.64278761
vn 1.00000000 -3.2644451e-16 4.5072715e-16
vn 0.0000000e+0 -0.64278761 0.76604444
vn 0.0000000e+0 0.76604444 0.64278761
vn -1.00000000 3.2644451e-16 -4.5072715e-16
vn 0.0000000e+0 -0.64278761 0.76604444
vn 0.0000000e+0 0.76604444 0.64278761
vn 1.00000000 -3.2644451e-16 4.5072715e-16
vn 0.0000000e+0 -0.64278761 0.76604444
vn 0.0000000e+0 -0.76604444 -0.64278761
vn -1.00000000 3.2644451e-16 -4.5072715e-16
vn 0.0000000e+0 0.64278761 -0.76604444
vn 0.0000000e+0 -0.76604444 -0.64278761
vn 1.00000000 -3.2644451e-16 4.5072715e-16
vn 0.0000000e+0 0.64278761 -0.76604444
vn 0.0000000e+0 0.76604444 0.64278761
vn -1.00000000 3.2644451e-16 -4.5072715e-16
vn 0.0000000e+0 0.64278761 -0.76604444
vn 0.0000000e+0 0.76604444 0.64278761
vn 1.00000000 -3.2644451e-16 4.5072715e-16
vn 0.0000000e+0 0.64278761 -0.76604444
vn 0.0000000e+0 -0.76604444 0.64278761
vn -1.00000000 -3.2581639e-16 -4.5125420e-16
vn 0.0000000e+0 0.64278761 0.76604444
vn 0.0000000e+0 -0.76604444 0.64278761
vn 1.00000000 3.2581639e-16 4.5125420e-16
vn 0.0000000e+0 0.64278761 0.76604444
vn 0.0000000e+0 0.76604444 -0.64278761
vn -1.00000000 -3.2581639e-16 -4.5125420e-16
vn 0.0000000e+0 0.64278761 0.76604444
vn 0.0000000e+0 0.76604444 -0.64278761
vn 1.00000000 3.2581639e-16 4.5125420e-16
vn 0.0000000e+0 0.64278761 0.76604444
vn 0.0000000e+0 -0.76604444 0.64278761
vn -1.00000000 -3.2581639e-16 -4.5125420e-16
vn 0.0000000e+0 -0.64278761 -0.76604444
vn 0.0000000e+0 -0.76604444 0.64278761
vn 1.00000000 3.2581639e-16 4.5125420e-16
vn 0.0000000e+0 -0.64278761 -0.76604444
vn 0.0000000e+0 0.76604444 -0.64278761
vn -1.00000000 -3.2581639e-16 -4.5125420e-16
vn 0.0000000e+0 -0.64278761 -0.76604444
vn 0.0000000e+0 0.76604444 -0.64278761
vn 1.00000000 3.2581639e-16 4.5125420e-16
vn 0.0000000e+0 -0.64278761 -0.76604444
vn 0.0000000e+0 -0.76604444 0.64278761
vn 1.00000000 2.6569593e-16 5.0170126e-16
vn 0.0000000e+0 -0.64278761 -0.76604444
vn 0.0000000e+0 -0.76604444 0.64278761
vn -1.00000000 -2.6569593e-16 -5.0170126e-16
vn 0.0000000e+0 -0.64278761 -0.76604444
vn 0.0000000e+0 0.76604444 -0.64278761
vn 1.00000000 2.6569593e-16 5.0170126e-16
vn 0.0000000e+0 -0.64278761 -0.76604444
vn 0.0000000e+0 0.76604444 -0.64278761
vn -1.00000000 -2.6569593e-16 -5.0170126e-16
vn 0.0000000e+0 -0.64278761 -0.76604444
vn 0.0000000e+0 -0.76604444 0.64278761
vn 1.00000000 2.6569593e-16 5.0170126e-16
vn 0.0000000e+0 0.64278761 0.76604444
vn 0.0000000e+0 -0.76604444 0.64278761
vn -1.00000000 -2.6569593e-16 -5.0170126e-16
vn 0.0000000e+0 0.64278761 0.76604444
vn 0.0000000e+0 0.76604444 -0.64278761
vn 1.00000000 2.6569593e-16 5.0170126e-16
vn 0.0000000e+0 0.64278761 0.76604444
vn 0.0000000e+0 0.76604444 -0.64278761
vn -1.00000000 -2.6569593e-16 -5.0170126e-16
vn 0.0000000e+0 0.64278761 0.76604444
vn 0.0000000e+0 -0.76604444 -0.64278761
vn 1.00000000 -2.6381156e-16 5.0328243e-16
vn 0.0000000e+0 0.64278761 -0.76604444
vn 0.0000000e+0 -0.76604444 -0.64278761
vn -1.00000000 2.6381156e-16 -5.0328243e-16
vn 0.0000000e+0 0.64278761 -0.76604444
vn 0.0000000e+0 0.76604444 0.64278761
vn 1.00000000 -2.6381156e-16 5.0328243e-16
vn 0.0000000e+0 0.64278761 -0.76604444
vn 0.0000000e+0 0.76604444 0.64278761
vn -1.00000000 2.6381156e-16 -5.0328243e-16
vn 0.0000000e+0 0.64278761 -0.76604444
vn 0.0000000e+0 -0.76604444 -0.64278761
vn 1.00000000 -2.6381156e-16 5.0328243e-16
vn 0.0000000e+0 -0.64278761 0.76604444
vn 0.0000000e+0 -0.76604444 -0.64278761
vn -1.00000000 2.6381156e-16 -5.0328243e-16
vn 0.0000000e+0 -0.64278761 0.76604444
vn 0.0000000e+0 0.76604444 0.64278761
vn 1.00000000 -2.6381156e-16 5.0328243e-16
vn 0.0000000e+0 -0.64278761 0.76604444
vn 0.0000000e+0 0.76604444 0.64278761
vn -1.00000000 2.6381156e-16 -5.0328243e-16
vn 0.0000000e+0 -0.64278761 0.76604444
vn 0.64278761 -0.76604444 0.0000000e+0
vn 0.0000000e+0 0.0000000e+0 -1.00000000
vn -0.76604444 -0.64278761 0.0000000e+0
vn 0.64278761 -0.76604444 0.0000000e+0
vn 0.0000000e+0 0.0000000e+0 1.00000000
vn -0.76604444 -0.64278761 0.0000000e+0
vn -0.64278761 0.76604444 0.0000000e+0
vn 0.0000000e+0 0.0000000e+0 -1.00000000
vn -0.76604444 -0.64278761 0.0000000e+0
vn -0.64278761 0.76604444 0.0000000e+0
vn 0.0000000e+0 0.0000000e+0 1.00000000
vn -0.76604444 -0.64278761 0.0000000e+0
vn 0.64278761 -0.76604444 0.0000000e+0
vn 0.0000000e+0 0.0000000e+0 -1.00000000
vn 0.76604444 0.64278761 0.0000000e+0
vn 0.64278761 -0.76604444 0.0000000e+0
vn 0.0000000e+0 0.0000000e+0 1.00000000
vn 0.76604444 0.64278761 0.0000000e+0
vn -0.64278761 0.76604444 0.0000000e+0
vn 0.0000000e+0 0.0000000e+0 -1.00000000
vn 0.76604444 0.64278761 0.0000000e+0
vn -0.64278761 0.76604444 0.0000000e+0
vn 0.0000000e+0 0.0000000e+0 1.00000000
vn 0.76604444 0.64278761 0.0000000e+0
vn -0.64278761 -0.76604444 0.0000000e+0
vn 0.0000000e+0 0.0000000e+0 -1.00000000
vn -0.76604444 0.64278761 0.0000000e+0
vn -0.64278761 -0.76604444 0.0000000e+0
vn 0.0000000e+0 0.0000000e+0 1.00000000
vn -0.76604444 0.64278761 0.0000000e+0
vn 0.64278761 0.76604444 0.0000000e+0
vn 0.0000000e+0 0.0000000e+0 -1.00000000
vn -0.76604444 0.64278761 0.0000000e+0
vn 0.64278761 0.76604444 0.0000000e+0
vn 0.0000000e+0 0.0000000e+0 1.00000000
vn -0.76604444 0.64278761 0.0000000e+0
vn -0.64278761 -0.76604444 0.0000000e+0
vn 0.0000000e+0 0.0000000e+0 -1.00000000
vn 0.76604444 -0.64278761 0.0000000e+0
vn -0.64278761 -0.76604444 0.0000000e+0
vn 0.0000000e+0 0.0000000e+0 1.00000000
vn 0.76604444 -0.64278761 0.0000000e+0
vn 0.64278761 0.76604444 0.0000000e+0
vn 0.0000000e+0 0.0000000e+0 -1.00000000
vn 0.76604444 -0.64278761 0.0000000e+0
vn 0.64278761 0.76604444 0.0000000e+0
vn 0.0000000e+0 0.0000000e+0 1.00000000
vn 0.76604444 -0.64278761 0.0000000e+0
vn -0.64278761 -0.76604444 0.0000000e+0
vn -5.0974115e-17 -6.0748584e-17 1.00000000
vn 0.76604444 -0.64278761 0.0000000e+0
vn -0.64278761 -0.76604444 0.0000000e+0
vn 5.0974115e-17 6.0748584e-17 -1.00000000
vn 0.76604444 -0.64278761 0.0000000e+0
vn 0.64278761 0.76604444 0.0000000e+0
vn -5.0974115e-17 -6.0748584e-17 1.00000000
vn 0.76604444 -0.64278761 0.0000000e+0
vn 0.64278761 0.76604444 0.0000000e+0
vn 5.0974115e-17 6.0748584e-17 -1.00000000
vn 0.76604444 -0.64278761 0.0000000e+0
vn -0.64278761 -0.76604444 0.0000000e+0
vn -5.0974115e-17 -6.0748584e-17 1.00000000
vn -0.76604444 0.64278761 0.0000000e+0
vn -0.64278761 -0.76604444 0.0000000e+0
vn 5.0974115e-17 6.0748584e-17 -1.00000000
vn -0.76604444 0.64278761 0.0000000e+0
vn 0.64278761 0.76604444 0.0000000e+0
vn -5.0974115e-17 -6.0748584e-17 1.00000000
vn -0.76604444 0.64278761 0.0000000e+0
vn 0.64278761 0.76604444 0.0000000e+0
vn 5.0974115e-17 6.0748584e-17 -1.00000000
vn -0.76604444 0.64278761 0.0000000e+0
vn 0.64278761 -0.76604444 0.0000000e+0
vn -5.2028227e-17 6.2004827e-17 1.00000000
vn 0.76604444 0.64278761 0.0000000e+0
vn 0.64278761 -0.76604444 0.0000000e+0
vn 5.2028227e-17 -6.2004827e-17 -1.00000000
vn 0.76604444 0.64278761 0.0000000e+0
vn -0.64278761 0.76604444 0.0000000e+0
vn -5.2028227e-17 6.2004827e-17 1.00000000
vn 0.76604444 0.64278761 0.0000000e+0
vn -0.64278761 0.76604444 0.0000000e+0
vn 5.2028227e-17 -6.2004827e-17 -1.00000000
vn 0.76604444 0.64278761 0.0000000e+0
vn 0.64278761 -0.76604444 0.0000000e+0
vn -5.2028227e-17 6.2004827e-17 1.00000000
vn -0.76604444 -0.64278761 0.0000000e+0
vn 0.64278761 -0.76604444 0.0000000e+0
vn 5.2028227e-17 -6.2004827e-17 -1.00000000
vn -0.76604444 -0.64278761 0.0000000e+0
vn -0.64278761 0.76604444 0.0000000e+0
vn -5.2028227e-17 6.2004827e-17 1.00000000
vn -0.76604444 -0.64278761 0.0000000e+0
vn -0.64278761 0.76604444 0.0000000e+0
vn 5.2028227e-17 -6.2004827e-17 -1.00000000
vn -0.76604444 -0.64278761 0.0000000e+0
g Cube1_Cube1_auv
usemtl Cube1_auv
s 1
f 2/77/6 4/78/12 3/16/9 1/23/3
f 5/72/15 7/73/21 8/12/24 6/11/18
f 9/225/25 13/203/37 14/204/40 10/226/28
f 12/391/34 16/393/46 15/394/43 11/392/31
f 18/70/54 20/61/60 19/7/57 17/20/51
f 21/59/63 23/60/69 24/2/72 22/1/66
f 26/415/78 28/409/84 27/356/81 25/355/75
f 29/63/87 31/64/93 32/10/96 30/9/90
f 34/223/101 38/233/113 40/234/119 36/224/107
f 35/212/104 39/196/116 37/195/110 33/211/98
f 41/365/121 45/361/133 46/362/136 42/366/124
f 44/399/130 48/417/142 47/418/139 43/400/127
f 49/429/145 53/430/157 54/374/160 50/373/148
f 52/66/154 56/67/166 55/4/163 51/3/151
f 58/416/174 60/410/180 59/358/177 57/357/171
f 61/407/183 63/408/189 64/350/192 62/349/186
f 66/30/198 68/29/204 67/27/201 65/28/195
f 69/385/207 71/386/213 72/382/216 70/381/210
f 74/54/222 76/53/228 75/51/225 73/52/219
f 77/363/231 79/364/237 80/360/240 78/359/234
f 82/58/246 84/57/252 83/55/249 81/56/243
f 85/425/255 87/426/261 88/422/264 86/421/258
f 90/180/269 94/202/281 96/201/287 92/179/275
f 91/138/272 95/114/284 93/113/278 89/137/266
f 97/109/289 101/110/301 102/104/304 98/103/292
f 100/275/298 104/276/310 103/256/307 99/255/295
f 105/273/313 109/274/325 110/254/328 106/253/316
f 108/249/322 112/250/334 111/242/331 107/241/319
f 114/312/341 118/296/353 120/295/359 116/311/347
f 115/327/344 119/343/356 117/344/350 113/328/338
f 121/240/361 125/239/373 126/247/376 122/248/364
f 124/106/370 128/105/382 127/111/379 123/112/367
f 130/319/390 132/320/396 131/304/393 129/303/387
f 133/288/399 135/287/405 136/262/408 134/261/402
f 137/142/409 141/120/421 142/119/424 138/141/412
f 140/115/418 144/139/430 143/140/427 139/116/415
f 145/149/433 149/177/445 150/178/448 146/150/436
f 148/144/442 152/118/454 151/117/451 147/143/439
f 154/294/461 158/310/473 160/309/479 156/293/467
f 155/341/464 159/325/476 157/326/470 153/342/458
s 2
f 2/199/5 6/215/17 8/216/23 4/200/11
f 3/158/8 7/134/20 5/133/14 1/157/2
f 10/245/29 14/281/41 16/282/47 12/246/35
f 11/160/32 15/136/44 13/135/38 9/159/26
f 17/427/49 21/428/61 22/372/64 18/371/52
f 20/411/58 24/412/70 23/352/67 19/351/55
f 25/413/73 29/414/85 30/354/88 26/353/76
f 28/431/82 32/432/94 31/376/91 27/375/79
f 34/81/102 36/82/108 35/18/105 33/25/99
f 37/403/111 39/404/117 40/346/120 38/345/114
f 42/97/125 46/127/137 48/128/143 44/98/131
f 43/214/128 47/198/140 45/197/134 41/213/122
f 50/95/149 54/125/161 56/126/167 52/96/155
f 51/236/152 55/220/164 53/219/158 49/235/146
f 57/68/169 61/69/181 62/6/184 58/5/172
f 60/76/178 64/65/190 63/15/187 59/22/175
f 65/154/193 69/130/205 70/129/208 66/153/196
f 68/181/202 72/205/214 71/206/211 67/182/199
f 73/184/217 77/162/229 78/161/232 74/183/220
f 76/207/226 80/227/238 79/228/235 75/208/223
f 82/146/245 86/172/257 88/171/263 84/145/251
f 83/108/248 87/86/260 85/85/254 81/107/242
f 89/232/265 93/218/277 94/217/280 90/231/268
f 92/91/274 96/121/286 95/122/283 91/92/271
f 98/334/293 102/318/305 104/317/311 100/333/299
f 99/285/296 103/301/308 101/302/302 97/286/290
f 106/329/317 110/313/329 112/314/335 108/330/323
f 107/278/320 111/298/332 109/297/326 105/277/314
f 113/88/337 117/87/349 118/99/352 114/100/340
f 116/90/346 120/89/358 119/101/355 115/102/343
f 122/305/365 126/289/377 128/290/383 124/306/371
f 123/322/368 127/338/380 125/337/374 121/321/362
f 129/174/385 133/148/397 134/147/400 130/173/388
f 132/169/394 136/185/406 135/186/403 131/170/391
f 138/315/414 140/316/420 139/300/417 137/299/411
f 141/279/423 143/280/429 144/258/432 142/257/426
f 146/291/438 148/292/444 147/268/441 145/267/435
f 149/323/447 151/324/453 152/308/456 150/307/450
f 153/151/457 157/175/469 158/176/472 154/152/460
