# Exported from Wings 3D 2.1.5
mtllib truss_hub_medium.mtl
o Cube1
#176 vertices, 124 faces
v 0.90000000 -1.09915787 -1.00000000
v 0.90000000 -1.09915787 1.00000000
v 0.90000000 -0.89915787 -1.00000000
v 0.90000000 -0.89915787 1.00000000
v 1.10000000 -1.09915787 -1.00000000
v 1.10000000 -1.09915787 1.00000000
v 1.10000000 -0.89915787 -1.00000000
v 1.10000000 -0.89915787 1.00000000
v 0.90000000 -0.99915787 -1.10000000
v 0.90000000 -0.99915787 -0.90000000
v 0.90000000 1.00084213 -1.10000000
v 0.90000000 1.00084213 -0.90000000
v 1.10000000 -0.99915787 -1.10000000
v 1.10000000 -0.99915787 -0.90000000
v 1.10000000 1.00084213 -1.10000000
v 1.10000000 1.00084213 -0.90000000
v 0.98994949 -0.84768601 -0.90000000
v 0.98994949 -0.84768601 -1.10000000
v -0.84852814 0.99079162 -0.90000000
v -0.84852814 0.99079162 -1.10000000
v 0.84852814 -0.98910736 -0.90000000
v 0.84852814 -0.98910736 -1.10000000
v -0.98994949 0.84937027 -0.90000000
v -0.98994949 0.84937027 -1.10000000
v 0.90000000 -0.98910736 0.84852814
v 0.90000000 -0.84768601 0.98994949
v 0.90000000 0.84937027 -0.98994949
v 0.90000000 0.99079162 -0.84852814
v 1.10000000 -0.98910736 0.84852814
v 1.10000000 -0.84768601 0.98994949
v 1.10000000 0.84937027 -0.98994949
v 1.10000000 0.99079162 -0.84852814
v -0.90000000 -0.98910736 -0.84852814
v -0.90000000 -0.84768601 -0.98994949
v -0.90000000 0.84937027 0.98994949
v -0.90000000 0.99079162 0.84852814
v -1.10000000 -0.98910736 -0.84852814
v -1.10000000 -0.84768601 -0.98994949
v -1.10000000 0.84937027 0.98994949
v -1.10000000 0.99079162 0.84852814
v -0.98994949 0.90084213 -0.84852814
v 0.84852814 0.90084213 0.98994949
v -0.98994949 1.10084213 -0.84852814
v 0.84852814 1.10084213 0.98994949
v -0.84852814 0.90084213 -0.98994949
v 0.98994949 0.90084213 0.84852814
v -0.84852814 1.10084213 -0.98994949
v 0.98994949 1.10084213 0.84852814
v 0.98994949 -1.09915787 0.84852814
v -0.84852814 -1.09915787 -0.98994949
v 0.98994949 -0.89915787 0.84852814
v -0.84852814 -0.89915787 -0.98994949
v 0.84852814 -1.09915787 0.98994949
v -0.98994949 -1.09915787 -0.84852814
v 0.84852814 -0.89915787 0.98994949
v -0.98994949 -0.89915787 -0.84852814
v -0.98994949 -0.84768601 0.90000000
v -0.98994949 -0.84768601 1.10000000
v 0.84852814 0.99079162 0.90000000
v 0.84852814 0.99079162 1.10000000
v -0.84852814 -0.98910736 0.90000000
v -0.84852814 -0.98910736 1.10000000
v 0.98994949 0.84937027 0.90000000
v 0.98994949 0.84937027 1.10000000
v 0.90000000 -0.99915787 0.90000000
v 0.90000000 -0.99915787 1.10000000
v 0.90000000 1.00084213 0.90000000
v 0.90000000 1.00084213 1.10000000
v 1.10000000 -0.99915787 0.90000000
v 1.10000000 -0.99915787 1.10000000
v 1.10000000 1.00084213 0.90000000
v 1.10000000 1.00084213 1.10000000
v -1.10000000 -0.99915787 -1.10000000
v -1.10000000 -0.99915787 -0.90000000
v -1.10000000 1.00084213 -1.10000000
v -1.10000000 1.00084213 -0.90000000
v -0.90000000 -0.99915787 -1.10000000
v -0.90000000 -0.99915787 -0.90000000
v -0.90000000 1.00084213 -1.10000000
v -0.90000000 1.00084213 -0.90000000
v -1.10000000 -0.99915787 0.90000000
v -1.10000000 -0.99915787 1.10000000
v -1.10000000 1.00084213 0.90000000
v -1.10000000 1.00084213 1.10000000
v -0.90000000 -0.99915787 0.90000000
v -0.90000000 -0.99915787 1.10000000
v -0.90000000 1.00084213 0.90000000
v -0.90000000 1.00084213 1.10000000
v -0.79594964 1.06237425 -0.91000000
v -0.79594964 1.06237425 -0.99000000
v -0.94915852 0.93381673 -0.91000000
v -0.94915852 0.93381673 -0.99000000
v -0.83241440 -1.07921687 -0.91000000
v -0.83241440 -1.07921687 -0.99000000
v -0.98562330 -0.95065935 -0.91000000
v -0.98562330 -0.95065935 -0.99000000
v 0.79594964 1.06237425 0.91000000
v 0.79594964 1.06237425 0.99000000
v 0.94915852 0.93381673 0.91000000
v 0.94915852 0.93381673 0.99000000
v 0.83241440 -1.07921687 0.91000000
v 0.83241440 -1.07921687 0.99000000
v 0.98562330 -0.95065935 0.91000000
v 0.98562330 -0.95065935 0.99000000
v -0.91000000 1.06237425 0.79594964
v -0.99000000 1.06237425 0.79594964
v -0.91000000 0.93381673 0.94915852
v -0.99000000 0.93381673 0.94915852
v -0.91000000 -1.07921687 0.83241440
v -0.99000000 -1.07921687 0.83241440
v -0.91000000 -0.95065935 0.98562330
v -0.99000000 -0.95065935 0.98562330
v 0.91000000 1.06237425 -0.79594964
v 0.99000000 1.06237425 -0.79594964
v 0.91000000 0.93381673 -0.94915852
v 0.99000000 0.93381673 -0.94915852
v 0.91000000 -1.07921687 -0.83241440
v 0.99000000 -1.07921687 -0.83241440
v 0.91000000 -0.95065935 -0.98562330
v 0.99000000 -0.95065935 -0.98562330
v -1.00000000 0.90084213 1.10000000
v 1.00000000 0.90084213 1.10000000
v -1.00000000 1.10084213 1.10000000
v 1.00000000 1.10084213 1.10000000
v -1.00000000 0.90084213 0.90000000
v 1.00000000 0.90084213 0.90000000
v -1.00000000 1.10084213 0.90000000
v 1.00000000 1.10084213 0.90000000
v -1.00000000 0.90084213 -0.90000000
v 1.00000000 0.90084213 -0.90000000
v -1.00000000 1.10084213 -0.90000000
v 1.00000000 1.10084213 -0.90000000
v -1.00000000 0.90084213 -1.10000000
v 1.00000000 0.90084213 -1.10000000
v -1.00000000 1.10084213 -1.10000000
v 1.00000000 1.10084213 -1.10000000
v -1.10000000 0.90084213 -1.00000000
v -1.10000000 0.90084213 1.00000000
v -1.10000000 1.10084213 -1.00000000
v -1.10000000 1.10084213 1.00000000
v -0.90000000 0.90084213 -1.00000000
v -0.90000000 0.90084213 1.00000000
v -0.90000000 1.10084213 -1.00000000
v -0.90000000 1.10084213 1.00000000
v 0.90000000 0.90084213 -1.00000000
v 0.90000000 0.90084213 1.00000000
v 0.90000000 1.10084213 -1.00000000
v 0.90000000 1.10084213 1.00000000
v 1.10000000 0.90084213 -1.00000000
v 1.10000000 0.90084213 1.00000000
v 1.10000000 1.10084213 -1.00000000
v 1.10000000 1.10084213 1.00000000
v -1.00000000 -1.09915787 1.10000000
v 1.00000000 -1.09915787 1.10000000
v -1.00000000 -0.89915787 1.10000000
v 1.00000000 -0.89915787 1.10000000
v -1.00000000 -1.09915787 0.90000000
v 1.00000000 -1.09915787 0.90000000
v -1.00000000 -0.89915787 0.90000000
v 1.00000000 -0.89915787 0.90000000
v -1.00000000 -1.09915787 -0.90000000
v 1.00000000 -1.09915787 -0.90000000
v -1.00000000 -0.89915787 -0.90000000
v 1.00000000 -0.89915787 -0.90000000
v -1.00000000 -1.09915787 -1.10000000
v 1.00000000 -1.09915787 -1.10000000
v -1.00000000 -0.89915787 -1.10000000
v 1.00000000 -0.89915787 -1.10000000
v -1.10000000 -1.09915787 -1.00000000
v -1.10000000 -1.09915787 1.00000000
v -1.10000000 -0.89915787 -1.00000000
v -1.10000000 -0.89915787 1.00000000
v -0.90000000 -1.09915787 -1.00000000
v -0.90000000 -1.09915787 1.00000000
v -0.90000000 -0.89915787 -1.00000000
v -0.90000000 -0.89915787 1.00000000
vt 3.6833333e-2 5.7770382e-3
vt 3.6833333e-2 5.9626469e-3
vt 3.6833333e-2 6.5198426e-3
vt 3.6833333e-2 6.6444444e-3
vt 3.6833333e-2 6.7054512e-3
vt 3.6833333e-2 2.6742065e-2
vt 3.6833333e-2 2.6927673e-2
vt 3.6833333e-2 2.7484869e-2
vt 3.6833333e-2 2.7609471e-2
vt 3.6833333e-2 2.7670478e-2
vt 3.7554470e-2 6.3916145e-3
vt 3.7554470e-2 6.8014552e-3
vt 3.7554470e-2 2.7356641e-2
vt 3.7554470e-2 2.7766482e-2
vt 3.8085263e-2 6.3916145e-3
vt 3.8085263e-2 2.7356641e-2
vt 3.8253200e-2 6.3916145e-3
vt 3.8253200e-2 2.7356641e-2
vt 3.8352830e-2 6.1890738e-3
vt 3.8352830e-2 2.7154100e-2
vt 3.8376323e-2 6.3100256e-3
vt 3.8376323e-2 2.7275052e-2
vt 4.1382828e-2 0.89882525
vt 4.1382828e-2 0.92324949
vt 4.3116161e-2 0.60524444
vt 4.3116161e-2 0.62966868
vt 4.3116161e-2 0.63554747
vt 4.3116161e-2 0.65997171
vt 4.3116161e-2 0.66585050
vt 4.3116161e-2 0.69027474
vt 4.3116161e-2 0.69615353
vt 4.3116161e-2 0.72057777
vt 4.3116161e-2 0.72645656
vt 4.3116161e-2 0.75088080
vt 4.3116161e-2 0.75675959
vt 4.3116161e-2 0.78118383
vt 4.3116161e-2 0.78706262
vt 4.3116161e-2 0.81148686
vt 4.3116161e-2 0.81736565
vt 4.3116161e-2 0.84178989
vt 4.3116161e-2 0.84766868
vt 4.3116161e-2 0.87209292
vt 4.3116161e-2 0.87797171
vt 4.3116161e-2 0.90239596
vt 4.3116161e-2 0.90827474
vt 4.3116161e-2 0.93269899
vt 4.3116161e-2 0.93857777
vt 4.3116161e-2 0.96300202
vt 0.16423296 6.2853915e-2
vt 0.16423296 8.3818942e-2
vt 0.18519799 6.2853915e-2
vt 0.18519799 8.3818942e-2
vt 0.20616302 6.2853915e-2
vt 0.20616302 8.3818942e-2
vt 0.20616302 0.10478397
vt 0.20616302 0.12574900
vt 0.20616302 0.14671402
vt 0.22712804 6.2853915e-2
vt 0.22712804 8.3818942e-2
vt 0.22712804 0.10478397
vt 0.22712804 0.12574900
vt 0.22712804 0.14671402
vt 0.24809307 0.12574900
vt 0.24809307 0.14671402
vt 0.24809307 0.16767905
vt 0.24809307 0.18864407
vt 0.24809307 0.20960910
vt 0.24809307 0.23057413
vt 0.26905810 0.12574900
vt 0.26905810 0.14671402
vt 0.26905810 0.16767905
vt 0.26905810 0.18864407
vt 0.26905810 0.20960910
vt 0.26905810 0.23057413
vt 0.27593969 0.24949886
vt 0.27964286 0.69739722
vt 0.28408413 0.61017664
vt 0.28443175 0.72007500
vt 0.28562525 0.89882525
vt 0.28562525 0.92324949
vt 0.28735858 0.60524444
vt 0.28735858 0.62966868
vt 0.28735858 0.63554747
vt 0.28735858 0.65997171
vt 0.28735858 0.66585050
vt 0.28735858 0.69027474
vt 0.28735858 0.69615353
vt 0.28735858 0.72057777
vt 0.28735858 0.72645656
vt 0.28735858 0.75088080
vt 0.28735858 0.75675959
vt 0.28735858 0.78118383
vt 0.28735858 0.78706262
vt 0.28735858 0.81148686
vt 0.28735858 0.81736565
vt 0.28735858 0.84178989
vt 0.28735858 0.84766868
vt 0.28735858 0.87209292
vt 0.28735858 0.87797171
vt 0.28735858 0.90239596
vt 0.28735858 0.90827474
vt 0.28735858 0.93269899
vt 0.28735858 0.93857777
vt 0.28735858 0.96300202
vt 0.28897540 0.24949886
vt 0.28997857 0.70863838
vt 0.29267857 0.69739722
vt 0.29308384 0.73523737
vt 0.29308384 0.75966161
vt 0.29484747 0.58372222
vt 0.29484747 0.60814646
vt 0.29484747 0.61402525
vt 0.29484747 0.63844949
vt 0.29484747 0.64432828
vt 0.29484747 0.66875252
vt 0.29711984 0.61017664
vt 0.29746746 0.72007500
vt 0.30285353 0.73523737
vt 0.30285353 0.75966161
vt 0.30520505 0.67463131
vt 0.30520505 0.69905555
vt 0.30520505 0.73523737
vt 0.30520505 0.75966161
vt 0.30937868 5.7770382e-3
vt 0.30937868 5.9626469e-3
vt 0.30937868 6.5198426e-3
vt 0.30937868 6.6444444e-3
vt 0.30937868 6.7054512e-3
vt 0.30937868 2.6742065e-2
vt 0.30937868 2.6927673e-2
vt 0.30937868 2.7484869e-2
vt 0.30937868 2.7609471e-2
vt 0.30937868 2.7670478e-2
vt 0.31009982 6.3916145e-3
vt 0.31009982 6.8014552e-3
vt 0.31009982 2.7356641e-2
vt 0.31009982 2.7766482e-2
vt 0.31063061 6.3916145e-3
vt 0.31063061 2.7356641e-2
vt 0.31079854 6.3916145e-3
vt 0.31079854 2.7356641e-2
vt 0.31089817 6.1890738e-3
vt 0.31089817 2.7154100e-2
vt 0.31092167 6.3100256e-3
vt 0.31092167 2.7275052e-2
vt 0.31211984 0.66874722
vt 0.31497475 0.67463131
vt 0.31497475 0.69905555
vt 0.31497475 0.73523737
vt 0.31497475 0.75966161
vt 0.31908990 0.73347373
vt 0.31908990 0.74324343
vt 0.31927171 0.58372222
vt 0.31927171 0.60814646
vt 0.31927171 0.61402525
vt 0.31927171 0.63844949
vt 0.31927171 0.64432828
vt 0.31927171 0.66875252
vt 0.31935635 0.94639394
vt 0.32058651 0.53903611
vt 0.32156469 0.24949886
vt 0.32256786 0.70863838
vt 0.32515050 0.58372222
vt 0.32515050 0.60814646
vt 0.32515050 0.61402525
vt 0.32515050 0.63844949
vt 0.32515050 0.64432828
vt 0.32515050 0.66875252
vt 0.32526786 0.69739722
vt 0.32970913 0.61017664
vt 0.33005675 0.72007500
vt 0.33460040 0.24949886
vt 0.33560357 0.70863838
vt 0.33830357 0.69739722
vt 0.34274484 0.61017664
vt 0.34309246 0.72007500
vt 0.34351414 0.73347373
vt 0.34351414 0.74324343
vt 0.34470913 0.66874722
vt 0.34939293 0.67286767
vt 0.34939293 0.68263737
vt 0.34939293 0.73347373
vt 0.34939293 0.74324343
vt 0.34957475 0.58372222
vt 0.34957475 0.60814646
vt 0.34957475 0.61402525
vt 0.34957475 0.63844949
vt 0.34957475 0.64432828
vt 0.34957475 0.66875252
vt 0.35194564 0.94639394
vt 0.35317580 0.53903611
vt 0.35545353 0.58195858
vt 0.35545353 0.59172828
vt 0.35545353 0.61402525
vt 0.35545353 0.63844949
vt 0.35545353 0.64432828
vt 0.35545353 0.66875252
vt 0.35774484 0.66874722
vt 0.36498135 0.94639394
vt 0.36621151 0.53903611
vt 0.36819286 0.70863838
vt 0.37381717 0.67286767
vt 0.37381717 0.68263737
vt 0.37381717 0.73347373
vt 0.37381717 0.74324343
vt 0.37987778 0.58195858
vt 0.37987778 0.59172828
vt 0.37987778 0.61402525
vt 0.37987778 0.63844949
vt 0.37987778 0.64432828
vt 0.37987778 0.66875252
vt 0.38575656 0.58372222
vt 0.38575656 0.60814646
vt 0.38575656 0.61402525
vt 0.38575656 0.63844949
vt 0.38575656 0.64432828
vt 0.38575656 0.66875252
vt 0.39033413 0.66874722
vt 0.39757064 0.94639394
vt 0.39880080 0.53903611
vt 0.40401010 0.13015555
vt 0.40401010 0.37439798
vt 0.41018081 0.58372222
vt 0.41018081 0.60814646
vt 0.41018081 0.61402525
vt 0.41018081 0.63844949
vt 0.41018081 0.64432828
vt 0.41018081 0.66875252
vt 0.41605959 0.58372222
vt 0.41605959 0.60814646
vt 0.41605959 0.61402525
vt 0.41605959 0.63844949
vt 0.41605959 0.64432828
vt 0.41605959 0.66875252
vt 0.42843434 0.13015555
vt 0.42843434 0.37439798
vt 0.44048384 0.58372222
vt 0.44048384 0.60814646
vt 0.44048384 0.61402525
vt 0.44048384 0.63844949
vt 0.44048384 0.64432828
vt 0.44048384 0.66875252
vt 0.44459899 0.64432828
vt 0.44459899 0.66875252
vt 0.44636262 0.58372222
vt 0.44636262 0.60814646
vt 0.44636262 0.61402525
vt 0.44636262 0.63844949
vt 0.45436868 0.64432828
vt 0.45436868 0.66875252
vt 0.47078687 0.58372222
vt 0.47078687 0.60814646
vt 0.47078687 0.61402525
vt 0.47078687 0.63844949
vt 0.47190000 0.10142058
vt 0.47190000 0.37396593
vt 0.47192058 0.10142058
vt 0.47192058 0.37396593
vt 0.47208561 0.10142058
vt 0.47208561 0.37396593
vt 0.47210619 0.10142058
vt 0.47210619 0.37396593
vt 0.47226648 9.8365581e-2
vt 0.47226648 0.37091093
vt 0.47270455 0.10142058
vt 0.47270455 0.37396593
vt 0.47286958 0.10142058
vt 0.47286958 0.37396593
vt 0.47289016 0.10142058
vt 0.47289016 0.37396593
vt 0.47301003 9.7436059e-2
vt 0.47301003 0.36998140
vt 0.47315664 9.8365581e-2
vt 0.47315664 0.37091093
vt 0.47346685 9.7436059e-2
vt 0.47346685 0.36998140
vt 0.47383188 9.7163040e-2
vt 0.47383188 9.8486533e-2
vt 0.47383188 0.36970839
vt 0.47383188 0.37103188
vt 0.49286503 0.10142058
vt 0.49286503 0.37396593
vt 0.49288561 0.10142058
vt 0.49288561 0.37396593
vt 0.49305064 0.10142058
vt 0.49305064 0.37396593
vt 0.49307122 0.10142058
vt 0.49307122 0.37396593
vt 0.49323151 9.8365581e-2
vt 0.49323151 0.37091093
vt 0.49366958 0.10142058
vt 0.49366958 0.37396593
vt 0.49383460 0.10142058
vt 0.49383460 0.37396593
vt 0.49385519 0.10142058
vt 0.49385519 0.37396593
vt 0.49397505 9.7436059e-2
vt 0.49397505 0.36998140
vt 0.49412167 9.8365581e-2
vt 0.49412167 0.37091093
vt 0.49443188 9.7436059e-2
vt 0.49443188 0.36998140
vt 0.49479690 9.7163040e-2
vt 0.49479690 9.8486533e-2
vt 0.49479690 0.36970839
vt 0.49479690 0.37103188
vt 0.57711064 4.2982146e-2
vt 0.57711064 4.8991967e-2
vt 0.57711064 7.8334036e-2
vt 0.57711064 8.4343857e-2
vt 0.57711064 0.11368593
vt 0.57711064 0.11969575
vt 0.57711064 0.14903782
vt 0.57711064 0.15504764
vt 0.57711064 0.18438971
vt 0.57711064 0.19039953
vt 0.57711064 0.21974160
vt 0.57711064 0.22575142
vt 0.57711064 0.25509349
vt 0.57711064 0.26110331
vt 0.57711064 0.29044538
vt 0.57711064 0.29645520
vt 0.58184242 7.4006060e-2
vt 0.58184242 9.8430304e-2
vt 0.58184242 0.10430909
vt 0.58184242 0.12873333
vt 0.58312046 4.2982146e-2
vt 0.58312046 4.8991967e-2
vt 0.58312046 7.8334036e-2
vt 0.58312046 8.4343857e-2
vt 0.58312046 0.11368593
vt 0.58312046 0.11969575
vt 0.58312046 0.14903782
vt 0.58312046 0.15504764
vt 0.58312046 0.18438971
vt 0.58312046 0.19039953
vt 0.58312046 0.21974160
vt 0.58312046 0.22575142
vt 0.58312046 0.25509349
vt 0.58312046 0.26110331
vt 0.58312046 0.29044538
vt 0.58312046 0.29645520
vt 0.58809091 0.69158484
vt 0.58809091 0.71600909
vt 0.58809091 0.72188787
vt 0.58809091 0.74631212
vt 0.58809091 0.78249393
vt 0.58809091 0.80691818
vt 0.58809091 0.81279697
vt 0.58809091 0.83722121
vt 0.58809091 0.84310000
vt 0.58809091 0.86752424
vt 0.62746565 0.19124141
vt 0.62746565 0.43548383
vt 0.65188990 0.19124141
vt 0.65188990 0.43548383
vt 0.65648790 0.35168897
vt 0.65648790 0.43752222
vt 0.65776868 0.19124141
vt 0.65776868 0.43548383
vt 0.66482042 0.35336381
vt 0.66490374 0.35252222
vt 0.66498707 0.35168064
vt 0.66753535 0.89116969
vt 0.66753535 0.91559393
vt 0.67284242 0.62685050
vt 0.67284242 0.65127474
vt 0.67284242 0.65715353
vt 0.67284242 0.68157777
vt 0.67284242 0.68745656
vt 0.67284242 0.71188080
vt 0.67331958 0.26752222
vt 0.67331958 0.35335547
vt 0.68219293 0.19124141
vt 0.68219293 0.43548383
vt 0.68807171 0.19124141
vt 0.68807171 0.43548383
vt 0.71020770 0.63556667
vt 0.71020770 0.72139992
vt 0.71249596 0.19124141
vt 0.71249596 0.43548383
vt 0.71837475 0.19124141
vt 0.71837475 0.43548383
vt 0.71854022 0.71972508
vt 0.71862354 0.72056667
vt 0.71870687 0.72140825
vt 0.72703938 0.71973342
vt 0.72703938 0.80556667
vt 0.74279899 0.19124141
vt 0.74279899 0.43548383
vt 0.74867778 0.19124141
vt 0.74867778 0.43548383
vt 0.75549780 0.26752222
vt 0.75549780 0.35335547
vt 0.76383032 0.35168064
vt 0.76391364 0.35252222
vt 0.76399697 0.35336381
vt 0.77232948 0.35168897
vt 0.77232948 0.43752222
vt 0.77310202 0.19124141
vt 0.77310202 0.43548383
vt 0.77898081 0.19124141
vt 0.77898081 0.43548383
vt 0.80340505 0.19124141
vt 0.80340505 0.43548383
vt 0.80928384 0.19124141
vt 0.80928384 0.43548383
vt 0.82608485 7.4006060e-2
vt 0.82608485 9.8430304e-2
vt 0.82608485 0.10430909
vt 0.82608485 0.12873333
vt 0.83233333 0.69158484
vt 0.83233333 0.71600909
vt 0.83233333 0.72188787
vt 0.83233333 0.74631212
vt 0.83233333 0.78249393
vt 0.83233333 0.80691818
vt 0.83233333 0.81279697
vt 0.83233333 0.83722121
vt 0.83233333 0.84310000
vt 0.83233333 0.86752424
vt 0.83370808 0.19124141
vt 0.83370808 0.43548383
vt 0.86326689 0.19901119
vt 0.86326689 0.28484444
vt 0.87159940 0.20068603
vt 0.87168273 0.19984444
vt 0.87176605 0.19900286
vt 0.88009857 0.11484444
vt 0.88009857 0.20067770
vt 0.91177778 0.89116969
vt 0.91177778 0.91559393
vt 0.91708485 0.62685050
vt 0.91708485 0.65127474
vt 0.91708485 0.65715353
vt 0.91708485 0.68157777
vt 0.91708485 0.68745656
vt 0.91708485 0.71188080
vn -1.00000000 0.0000000e+0 0.0000000e+0
vn 0.0000000e+0 -1.00000000 0.0000000e+0
vn 0.0000000e+0 0.0000000e+0 -1.00000000
vn -1.00000000 0.0000000e+0 0.0000000e+0
vn 0.0000000e+0 -1.00000000 0.0000000e+0
vn 0.0000000e+0 0.0000000e+0 1.00000000
vn -1.00000000 0.0000000e+0 0.0000000e+0
vn 0.0000000e+0 1.00000000 0.0000000e+0
vn 0.0000000e+0 0.0000000e+0 -1.00000000
vn -1.00000000 0.0000000e+0 0.0000000e+0
vn 0.0000000e+0 1.00000000 0.0000000e+0
vn 0.0000000e+0 0.0000000e+0 1.00000000
vn 1.00000000 0.0000000e+0 0.0000000e+0
vn 0.0000000e+0 -1.00000000 0.0000000e+0
vn 0.0000000e+0 0.0000000e+0 -1.00000000
vn 1.00000000 0.0000000e+0 0.0000000e+0
vn 0.0000000e+0 -1.00000000 0.0000000e+0
vn 0.0000000e+0 0.0000000e+0 1.00000000
vn 1.00000000 0.0000000e+0 0.0000000e+0
vn 0.0000000e+0 1.00000000 0.0000000e+0
vn 0.0000000e+0 0.0000000e+0 -1.00000000
vn 1.00000000 0.0000000e+0 0.0000000e+0
vn 0.0000000e+0 1.00000000 0.0000000e+0
vn 0.0000000e+0 0.0000000e+0 1.00000000
vn -1.00000000 0.0000000e+0 0.0000000e+0
vn 0.0000000e+0 0.0000000e+0 -1.00000000
vn 0.0000000e+0 -1.00000000 0.0000000e+0
vn -1.00000000 0.0000000e+0 0.0000000e+0
vn 0.0000000e+0 0.0000000e+0 1.00000000
vn 0.0000000e+0 -1.00000000 0.0000000e+0
vn -1.00000000 0.0000000e+0 0.0000000e+0
vn 0.0000000e+0 0.0000000e+0 -1.00000000
vn 0.0000000e+0 1.00000000 0.0000000e+0
vn -1.00000000 0.0000000e+0 0.0000000e+0
vn 0.0000000e+0 0.0000000e+0 1.00000000
vn 0.0000000e+0 1.00000000 0.0000000e+0
vn 1.00000000 0.0000000e+0 0.0000000e+0
vn 0.0000000e+0 0.0000000e+0 -1.00000000
vn 0.0000000e+0 -1.00000000 0.0000000e+0
vn 1.00000000 0.0000000e+0 0.0000000e+0
vn 0.0000000e+0 0.0000000e+0 1.00000000
vn 0.0000000e+0 -1.00000000 0.0000000e+0
vn 1.00000000 0.0000000e+0 0.0000000e+0
vn 0.0000000e+0 0.0000000e+0 -1.00000000
vn 0.0000000e+0 1.00000000 0.0000000e+0
vn 1.00000000 0.0000000e+0 0.0000000e+0
vn 0.0000000e+0 0.0000000e+0 1.00000000
vn 0.0000000e+0 1.00000000 0.0000000e+0
vn 0.70710678 -0.70710678 0.0000000e+0
vn 0.70710678 0.70710678 0.0000000e+0
vn 0.0000000e+0 0.0000000e+0 1.00000000
vn 0.70710678 -0.70710678 0.0000000e+0
vn 0.70710678 0.70710678 0.0000000e+0
vn 0.0000000e+0 0.0000000e+0 -1.00000000
vn -0.70710678 0.70710678 0.0000000e+0
vn 0.70710678 0.70710678 0.0000000e+0
vn 0.0000000e+0 0.0000000e+0 1.00000000
vn -0.70710678 0.70710678 0.0000000e+0
vn 0.70710678 0.70710678 0.0000000e+0
vn 0.0000000e+0 0.0000000e+0 -1.00000000
vn 0.70710678 -0.70710678 0.0000000e+0
vn -0.70710678 -0.70710678 0.0000000e+0
vn 0.0000000e+0 0.0000000e+0 1.00000000
vn 0.70710678 -0.70710678 0.0000000e+0
vn -0.70710678 -0.70710678 0.0000000e+0
vn 0.0000000e+0 0.0000000e+0 -1.00000000
vn -0.70710678 0.70710678 0.0000000e+0
vn -0.70710678 -0.70710678 0.0000000e+0
vn 0.0000000e+0 0.0000000e+0 1.00000000
vn -0.70710678 0.70710678 0.0000000e+0
vn -0.70710678 -0.70710678 0.0000000e+0
vn 0.0000000e+0 0.0000000e+0 -1.00000000
vn -1.00000000 0.0000000e+0 0.0000000e+0
vn 0.0000000e+0 -0.70710678 -0.70710678
vn 0.0000000e+0 -0.70710678 0.70710678
vn -1.00000000 0.0000000e+0 0.0000000e+0
vn 0.0000000e+0 0.70710678 0.70710678
vn 0.0000000e+0 -0.70710678 0.70710678
vn -1.00000000 0.0000000e+0 0.0000000e+0
vn 0.0000000e+0 -0.70710678 -0.70710678
vn 0.0000000e+0 0.70710678 -0.70710678
vn -1.00000000 0.0000000e+0 0.0000000e+0
vn 0.0000000e+0 0.70710678 0.70710678
vn 0.0000000e+0 0.70710678 -0.70710678
vn 1.00000000 0.0000000e+0 0.0000000e+0
vn 0.0000000e+0 -0.70710678 -0.70710678
vn 0.0000000e+0 -0.70710678 0.70710678
vn 1.00000000 0.0000000e+0 0.0000000e+0
vn 0.0000000e+0 0.70710678 0.70710678
vn 0.0000000e+0 -0.70710678 0.70710678
vn 1.00000000 0.0000000e+0 0.0000000e+0
vn 0.0000000e+0 -0.70710678 -0.70710678
vn 0.0000000e+0 0.70710678 -0.70710678
vn 1.00000000 0.0000000e+0 0.0000000e+0
vn 0.0000000e+0 0.70710678 0.70710678
vn 0.0000000e+0 0.70710678 -0.70710678
vn 0.0000000e+0 -0.70710678 -0.70710678
vn 0.0000000e+0 -0.70710678 0.70710678
vn 1.00000000 0.0000000e+0 0.0000000e+0
vn 0.0000000e+0 -0.70710678 -0.70710678
vn 0.0000000e+0 0.70710678 -0.70710678
vn 1.00000000 0.0000000e+0 0.0000000e+0
vn 0.0000000e+0 0.70710678 0.70710678
vn 0.0000000e+0 -0.70710678 0.70710678
vn 1.00000000 0.0000000e+0 0.0000000e+0
vn 0.0000000e+0 0.70710678 0.70710678
vn 0.0000000e+0 0.70710678 -0.70710678
vn 1.00000000 0.0000000e+0 0.0000000e+0
vn 0.0000000e+0 -0.70710678 -0.70710678
vn 0.0000000e+0 -0.70710678 0.70710678
vn -1.00000000 0.0000000e+0 0.0000000e+0
vn 0.0000000e+0 -0.70710678 -0.70710678
vn 0.0000000e+0 0.70710678 -0.70710678
vn -1.00000000 0.0000000e+0 0.0000000e+0
vn 0.0000000e+0 0.70710678 0.70710678
vn 0.0000000e+0 -0.70710678 0.70710678
vn -1.00000000 0.0000000e+0 0.0000000e+0
vn 0.0000000e+0 0.70710678 0.70710678
vn 0.0000000e+0 0.70710678 -0.70710678
vn -1.00000000 0.0000000e+0 0.0000000e+0
vn 0.0000000e+0 -1.00000000 0.0000000e+0
vn -0.70710678 0.0000000e+0 -0.70710678
vn -0.70710678 0.0000000e+0 0.70710678
vn 0.0000000e+0 -1.00000000 0.0000000e+0
vn 0.70710678 0.0000000e+0 0.70710678
vn -0.70710678 0.0000000e+0 0.70710678
vn 0.0000000e+0 1.00000000 0.0000000e+0
vn -0.70710678 0.0000000e+0 -0.70710678
vn -0.70710678 0.0000000e+0 0.70710678
vn 0.0000000e+0 1.00000000 0.0000000e+0
vn 0.70710678 0.0000000e+0 0.70710678
vn -0.70710678 0.0000000e+0 0.70710678
vn 0.0000000e+0 -1.00000000 0.0000000e+0
vn -0.70710678 0.0000000e+0 -0.70710678
vn 0.70710678 0.0000000e+0 -0.70710678
vn 0.0000000e+0 -1.00000000 0.0000000e+0
vn 0.70710678 0.0000000e+0 0.70710678
vn 0.70710678 0.0000000e+0 -0.70710678
vn 0.0000000e+0 1.00000000 0.0000000e+0
vn -0.70710678 0.0000000e+0 -0.70710678
vn 0.70710678 0.0000000e+0 -0.70710678
vn 0.0000000e+0 1.00000000 0.0000000e+0
vn 0.70710678 0.0000000e+0 0.70710678
vn 0.70710678 0.0000000e+0 -0.70710678
vn 0.70710678 0.0000000e+0 0.70710678
vn 0.70710678 0.0000000e+0 -0.70710678
vn 0.0000000e+0 -1.00000000 0.0000000e+0
vn -0.70710678 0.0000000e+0 -0.70710678
vn 0.70710678 0.0000000e+0 -0.70710678
vn 0.0000000e+0 -1.00000000 0.0000000e+0
vn 0.70710678 0.0000000e+0 0.70710678
vn 0.70710678 0.0000000e+0 -0.70710678
vn 0.0000000e+0 1.00000000 0.0000000e+0
vn -0.70710678 0.0000000e+0 -0.70710678
vn 0.70710678 0.0000000e+0 -0.70710678
vn 0.0000000e+0 1.00000000 0.0000000e+0
vn 0.70710678 0.0000000e+0 0.70710678
vn -0.70710678 0.0000000e+0 0.70710678
vn 0.0000000e+0 -1.00000000 0.0000000e+0
vn -0.70710678 0.0000000e+0 -0.70710678
vn -0.70710678 0.0000000e+0 0.70710678
vn 0.0000000e+0 -1.00000000 0.0000000e+0
vn 0.70710678 0.0000000e+0 0.70710678
vn -0.70710678 0.0000000e+0 0.70710678
vn 0.0000000e+0 1.00000000 0.0000000e+0
vn -0.70710678 0.0000000e+0 -0.70710678
vn -0.70710678 0.0000000e+0 0.70710678
vn 0.0000000e+0 1.00000000 0.0000000e+0
vn 0.0000000e+0 0.0000000e+0 -1.00000000
vn -0.70710678 -0.70710678 0.0000000e+0
vn -0.70710678 0.70710678 0.0000000e+0
vn 0.0000000e+0 0.0000000e+0 1.00000000
vn -0.70710678 -0.70710678 0.0000000e+0
vn -0.70710678 0.70710678 0.0000000e+0
vn 0.0000000e+0 0.0000000e+0 -1.00000000
vn 0.70710678 0.70710678 0.0000000e+0
vn -0.70710678 0.70710678 0.0000000e+0
vn 0.0000000e+0 0.0000000e+0 1.00000000
vn 0.70710678 0.70710678 0.0000000e+0
vn -0.70710678 0.70710678 0.0000000e+0
vn 0.0000000e+0 0.0000000e+0 -1.00000000
vn -0.70710678 -0.70710678 0.0000000e+0
vn 0.70710678 -0.70710678 0.0000000e+0
vn 0.0000000e+0 0.0000000e+0 1.00000000
vn -0.70710678 -0.70710678 0.0000000e+0
vn 0.70710678 -0.70710678 0.0000000e+0
vn 0.0000000e+0 0.0000000e+0 -1.00000000
vn 0.70710678 0.70710678 0.0000000e+0
vn 0.70710678 -0.70710678 0.0000000e+0
vn 0.0000000e+0 0.0000000e+0 1.00000000
vn 0.70710678 0.70710678 0.0000000e+0
vn 0.70710678 -0.70710678 0.0000000e+0
vn -1.00000000 0.0000000e+0 0.0000000e+0
vn 0.0000000e+0 0.0000000e+0 -1.00000000
vn 0.0000000e+0 -1.00000000 0.0000000e+0
vn -1.00000000 0.0000000e+0 0.0000000e+0
vn 0.0000000e+0 0.0000000e+0 1.00000000
vn 0.0000000e+0 -1.00000000 0.0000000e+0
vn -1.00000000 0.0000000e+0 0.0000000e+0
vn 0.0000000e+0 0.0000000e+0 -1.00000000
vn 0.0000000e+0 1.00000000 0.0000000e+0
vn -1.00000000 0.0000000e+0 0.0000000e+0
vn 0.0000000e+0 0.0000000e+0 1.00000000
vn 0.0000000e+0 1.00000000 0.0000000e+0
vn 1.00000000 0.0000000e+0 0.0000000e+0
vn 0.0000000e+0 0.0000000e+0 -1.00000000
vn 0.0000000e+0 -1.00000000 0.0000000e+0
vn 1.00000000 0.0000000e+0 0.0000000e+0
vn 0.0000000e+0 0.0000000e+0 1.00000000
vn 0.0000000e+0 -1.00000000 0.0000000e+0
vn 1.00000000 0.0000000e+0 0.0000000e+0
vn 0.0000000e+0 0.0000000e+0 -1.00000000
vn 0.0000000e+0 1.00000000 0.0000000e+0
vn 1.00000000 0.0000000e+0 0.0000000e+0
vn 0.0000000e+0 0.0000000e+0 1.00000000
vn 0.0000000e+0 1.00000000 0.0000000e+0
vn 0.0000000e+0 0.0000000e+0 -1.00000000
vn -1.00000000 0.0000000e+0 0.0000000e+0
vn 0.0000000e+0 -1.00000000 0.0000000e+0
vn 0.0000000e+0 0.0000000e+0 1.00000000
vn -1.00000000 0.0000000e+0 0.0000000e+0
vn 0.0000000e+0 -1.00000000 0.0000000e+0
vn 0.0000000e+0 0.0000000e+0 -1.00000000
vn -1.00000000 0.0000000e+0 0.0000000e+0
vn 0.0000000e+0 1.00000000 0.0000000e+0
vn 0.0000000e+0 0.0000000e+0 1.00000000
vn -1.00000000 0.0000000e+0 0.0000000e+0
vn 0.0000000e+0 1.00000000 0.0000000e+0
vn 0.0000000e+0 0.0000000e+0 -1.00000000
vn 1.00000000 0.0000000e+0 0.0000000e+0
vn 0.0000000e+0 -1.00000000 0.0000000e+0
vn 0.0000000e+0 0.0000000e+0 1.00000000
vn 1.00000000 0.0000000e+0 0.0000000e+0
vn 0.0000000e+0 -1.00000000 0.0000000e+0
vn 0.0000000e+0 0.0000000e+0 -1.00000000
vn 1.00000000 0.0000000e+0 0.0000000e+0
vn 0.0000000e+0 1.00000000 0.0000000e+0
vn 0.0000000e+0 0.0000000e+0 1.00000000
vn 1.00000000 0.0000000e+0 0.0000000e+0
vn 0.0000000e+0 1.00000000 0.0000000e+0
vn 0.0000000e+0 -1.00000000 0.0000000e+0
vn 0.0000000e+0 0.0000000e+0 -1.00000000
vn -1.00000000 0.0000000e+0 0.0000000e+0
vn 0.0000000e+0 -1.00000000 0.0000000e+0
vn 0.0000000e+0 0.0000000e+0 1.00000000
vn -1.00000000 0.0000000e+0 0.0000000e+0
vn 0.0000000e+0 1.00000000 0.0000000e+0
vn 0.0000000e+0 0.0000000e+0 -1.00000000
vn -1.00000000 0.0000000e+0 0.0000000e+0
vn 0.0000000e+0 1.00000000 0.0000000e+0
vn 0.0000000e+0 0.0000000e+0 1.00000000
vn -1.00000000 0.0000000e+0 0.0000000e+0
vn 0.0000000e+0 -1.00000000 0.0000000e+0
vn 0.0000000e+0 0.0000000e+0 -1.00000000
vn 1.00000000 0.0000000e+0 0.0000000e+0
vn 0.0000000e+0 -1.00000000 0.0000000e+0
vn 0.0000000e+0 0.0000000e+0 1.00000000
vn 1.00000000 0.0000000e+0 0.0000000e+0
vn 0.0000000e+0 1.00000000 0.0000000e+0
vn 0.0000000e+0 0.0000000e+0 -1.00000000
vn 1.00000000 0.0000000e+0 0.0000000e+0
vn 0.0000000e+0 1.00000000 0.0000000e+0
vn 0.0000000e+0 0.0000000e+0 1.00000000
vn 1.00000000 0.0000000e+0 0.0000000e+0
vn 0.64278763 -0.76604443 0.0000000e+0
vn -0.64278763 0.76604443 0.0000000e+0
vn 0.64278763 -0.76604443 0.0000000e+0
vn -0.64278763 0.76604443 0.0000000e+0
vn 0.64278763 -0.76604443 0.0000000e+0
vn -0.64278763 0.76604443 0.0000000e+0
vn 0.64278763 -0.76604443 0.0000000e+0
vn -0.64278763 0.76604443 0.0000000e+0
vn 0.64278758 0.76604447 0.0000000e+0
vn -0.64278758 -0.76604447 0.0000000e+0
vn 0.64278758 0.76604447 0.0000000e+0
vn -0.64278758 -0.76604447 0.0000000e+0
vn 0.64278758 0.76604447 0.0000000e+0
vn -0.64278758 -0.76604447 0.0000000e+0
vn 0.64278758 0.76604447 0.0000000e+0
vn -0.64278758 -0.76604447 0.0000000e+0
vn -0.64278763 -0.76604443 0.0000000e+0
vn 0.64278763 0.76604443 0.0000000e+0
vn -0.64278763 -0.76604443 0.0000000e+0
vn 0.64278763 0.76604443 0.0000000e+0
vn -0.64278763 -0.76604443 0.0000000e+0
vn 0.64278763 0.76604443 0.0000000e+0
vn -0.64278763 -0.76604443 0.0000000e+0
vn 0.64278763 0.76604443 0.0000000e+0
vn -0.64278758 0.76604447 0.0000000e+0
vn 0.64278758 -0.76604447 0.0000000e+0
vn -0.64278758 0.76604447 0.0000000e+0
vn 0.64278758 -0.76604447 0.0000000e+0
vn -0.64278758 0.76604447 0.0000000e+0
vn 0.64278758 -0.76604447 0.0000000e+0
vn -0.64278758 0.76604447 0.0000000e+0
vn 0.64278758 -0.76604447 0.0000000e+0
vn 0.0000000e+0 0.76604443 0.64278763
vn 0.0000000e+0 -0.76604443 -0.64278763
vn 0.0000000e+0 0.76604443 0.64278763
vn 0.0000000e+0 -0.76604443 -0.64278763
vn 0.0000000e+0 0.76604443 0.64278763
vn 0.0000000e+0 -0.76604443 -0.64278763
vn 0.0000000e+0 0.76604443 0.64278763
vn 0.0000000e+0 -0.76604443 -0.64278763
vn 0.0000000e+0 0.76604447 -0.64278758
vn 0.0000000e+0 -0.76604447 0.64278758
vn 0.0000000e+0 0.76604447 -0.64278758
vn 0.0000000e+0 -0.76604447 0.64278758
vn 0.0000000e+0 0.76604447 -0.64278758
vn 0.0000000e+0 -0.76604447 0.64278758
vn 0.0000000e+0 0.76604447 -0.64278758
vn 0.0000000e+0 -0.76604447 0.64278758
vn 0.0000000e+0 0.76604443 -0.64278763
vn 0.0000000e+0 -0.76604443 0.64278763
vn 0.0000000e+0 0.76604443 -0.64278763
vn 0.0000000e+0 -0.76604443 0.64278763
vn 0.0000000e+0 0.76604443 -0.64278763
vn 0.0000000e+0 -0.76604443 0.64278763
vn 0.0000000e+0 0.76604443 -0.64278763
vn 0.0000000e+0 -0.76604443 0.64278763
vn 0.0000000e+0 0.76604447 0.64278758
vn 0.0000000e+0 -0.76604447 -0.64278758
vn 0.0000000e+0 0.76604447 0.64278758
vn 0.0000000e+0 -0.76604447 -0.64278758
vn 0.0000000e+0 0.76604447 0.64278758
vn 0.0000000e+0 -0.76604447 -0.64278758
vn 0.0000000e+0 0.76604447 0.64278758
vn 0.0000000e+0 -0.76604447 -0.64278758
vn -1.00000000 0.0000000e+0 0.0000000e+0
vn 0.0000000e+0 -1.00000000 0.0000000e+0
vn 0.0000000e+0 0.0000000e+0 1.00000000
vn 1.00000000 0.0000000e+0 0.0000000e+0
vn 0.0000000e+0 -1.00000000 0.0000000e+0
vn 0.0000000e+0 0.0000000e+0 1.00000000
vn -1.00000000 0.0000000e+0 0.0000000e+0
vn 0.0000000e+0 1.00000000 0.0000000e+0
vn 0.0000000e+0 0.0000000e+0 1.00000000
vn 1.00000000 0.0000000e+0 0.0000000e+0
vn 0.0000000e+0 1.00000000 0.0000000e+0
vn 0.0000000e+0 0.0000000e+0 1.00000000
vn -1.00000000 0.0000000e+0 0.0000000e+0
vn 0.0000000e+0 -1.00000000 0.0000000e+0
vn 0.0000000e+0 0.0000000e+0 -1.00000000
vn 1.00000000 0.0000000e+0 0.0000000e+0
vn 0.0000000e+0 -1.00000000 0.0000000e+0
vn 0.0000000e+0 0.0000000e+0 -1.00000000
vn -1.00000000 0.0000000e+0 0.0000000e+0
vn 0.0000000e+0 1.00000000 0.0000000e+0
vn 0.0000000e+0 0.0000000e+0 -1.00000000
vn 1.00000000 0.0000000e+0 0.0000000e+0
vn 0.0000000e+0 1.00000000 0.0000000e+0
vn 0.0000000e+0 0.0000000e+0 -1.00000000
vn -1.00000000 0.0000000e+0 0.0000000e+0
vn 0.0000000e+0 -1.00000000 0.0000000e+0
vn 0.0000000e+0 0.0000000e+0 1.00000000
vn 1.00000000 0.0000000e+0 0.0000000e+0
vn 0.0000000e+0 -1.00000000 0.0000000e+0
vn 0.0000000e+0 0.0000000e+0 1.00000000
vn -1.00000000 0.0000000e+0 0.0000000e+0
vn 0.0000000e+0 1.00000000 0.0000000e+0
vn 0.0000000e+0 0.0000000e+0 1.00000000
vn 1.00000000 0.0000000e+0 0.0000000e+0
vn 0.0000000e+0 1.00000000 0.0000000e+0
vn 0.0000000e+0 0.0000000e+0 1.00000000
vn -1.00000000 0.0000000e+0 0.0000000e+0
vn 0.0000000e+0 -1.00000000 0.0000000e+0
vn 0.0000000e+0 0.0000000e+0 -1.00000000
vn 1.00000000 0.0000000e+0 0.0000000e+0
vn 0.0000000e+0 -1.00000000 0.0000000e+0
vn 0.0000000e+0 0.0000000e+0 -1.00000000
vn -1.00000000 0.0000000e+0 0.0000000e+0
vn 0.0000000e+0 1.00000000 0.0000000e+0
vn 0.0000000e+0 0.0000000e+0 -1.00000000
vn 1.00000000 0.0000000e+0 0.0000000e+0
vn 0.0000000e+0 1.00000000 0.0000000e+0
vn 0.0000000e+0 0.0000000e+0 -1.00000000
vn 0.0000000e+0 -1.00000000 0.0000000e+0
vn 0.0000000e+0 0.0000000e+0 -1.00000000
vn -1.00000000 0.0000000e+0 0.0000000e+0
vn 0.0000000e+0 -1.00000000 0.0000000e+0
vn 0.0000000e+0 0.0000000e+0 1.00000000
vn -1.00000000 0.0000000e+0 0.0000000e+0
vn 0.0000000e+0 1.00000000 0.0000000e+0
vn 0.0000000e+0 0.0000000e+0 -1.00000000
vn -1.00000000 0.0000000e+0 0.0000000e+0
vn 0.0000000e+0 1.00000000 0.0000000e+0
vn 0.0000000e+0 0.0000000e+0 1.00000000
vn -1.00000000 0.0000000e+0 0.0000000e+0
vn 0.0000000e+0 -1.00000000 0.0000000e+0
vn 0.0000000e+0 0.0000000e+0 -1.00000000
vn 1.00000000 0.0000000e+0 0.0000000e+0
vn 0.0000000e+0 -1.00000000 0.0000000e+0
vn 0.0000000e+0 0.0000000e+0 1.00000000
vn 1.00000000 0.0000000e+0 0.0000000e+0
vn 0.0000000e+0 1.00000000 0.0000000e+0
vn 0.0000000e+0 0.0000000e+0 -1.00000000
vn 1.00000000 0.0000000e+0 0.0000000e+0
vn 0.0000000e+0 1.00000000 0.0000000e+0
vn 0.0000000e+0 0.0000000e+0 1.00000000
vn 1.00000000 0.0000000e+0 0.0000000e+0
vn 0.0000000e+0 -1.00000000 0.0000000e+0
vn -1.00000000 0.0000000e+0 0.0000000e+0
vn 0.0000000e+0 0.0000000e+0 -1.00000000
vn 0.0000000e+0 -1.00000000 0.0000000e+0
vn -1.00000000 0.0000000e+0 0.0000000e+0
vn 0.0000000e+0 0.0000000e+0 1.00000000
vn 0.0000000e+0 1.00000000 0.0000000e+0
vn -1.00000000 0.0000000e+0 0.0000000e+0
vn 0.0000000e+0 0.0000000e+0 -1.00000000
vn 0.0000000e+0 1.00000000 0.0000000e+0
vn -1.00000000 0.0000000e+0 0.0000000e+0
vn 0.0000000e+0 0.0000000e+0 1.00000000
vn 0.0000000e+0 -1.00000000 0.0000000e+0
vn 1.00000000 0.0000000e+0 0.0000000e+0
vn 0.0000000e+0 0.0000000e+0 -1.00000000
vn 0.0000000e+0 -1.00000000 0.0000000e+0
vn 1.00000000 0.0000000e+0 0.0000000e+0
vn 0.0000000e+0 0.0000000e+0 1.00000000
vn 0.0000000e+0 1.00000000 0.0000000e+0
vn 1.00000000 0.0000000e+0 0.0000000e+0
vn 0.0000000e+0 0.0000000e+0 -1.00000000
vn 0.0000000e+0 1.00000000 0.0000000e+0
vn 1.00000000 0.0000000e+0 0.0000000e+0
vn 0.0000000e+0 0.0000000e+0 1.00000000
vn 0.0000000e+0 -1.00000000 0.0000000e+0
vn 0.0000000e+0 0.0000000e+0 1.00000000
vn -1.00000000 0.0000000e+0 0.0000000e+0
vn 0.0000000e+0 -1.00000000 0.0000000e+0
vn 0.0000000e+0 0.0000000e+0 1.00000000
vn 1.00000000 0.0000000e+0 0.0000000e+0
vn 0.0000000e+0 1.00000000 0.0000000e+0
vn 0.0000000e+0 0.0000000e+0 1.00000000
vn -1.00000000 0.0000000e+0 0.0000000e+0
vn 0.0000000e+0 1.00000000 0.0000000e+0
vn 0.0000000e+0 0.0000000e+0 1.00000000
vn 1.00000000 0.0000000e+0 0.0000000e+0
vn 0.0000000e+0 -1.00000000 0.0000000e+0
vn 0.0000000e+0 0.0000000e+0 -1.00000000
vn -1.00000000 0.0000000e+0 0.0000000e+0
vn 0.0000000e+0 -1.00000000 0.0000000e+0
vn 0.0000000e+0 0.0000000e+0 -1.00000000
vn 1.00000000 0.0000000e+0 0.0000000e+0
vn 0.0000000e+0 1.00000000 0.0000000e+0
vn 0.0000000e+0 0.0000000e+0 -1.00000000
vn -1.00000000 0.0000000e+0 0.0000000e+0
vn 0.0000000e+0 1.00000000 0.0000000e+0
vn 0.0000000e+0 0.0000000e+0 -1.00000000
vn 1.00000000 0.0000000e+0 0.0000000e+0
vn 0.0000000e+0 0.0000000e+0 1.00000000
vn 0.0000000e+0 -1.00000000 0.0000000e+0
vn -1.00000000 0.0000000e+0 0.0000000e+0
vn 0.0000000e+0 0.0000000e+0 1.00000000
vn 0.0000000e+0 -1.00000000 0.0000000e+0
vn 1.00000000 0.0000000e+0 0.0000000e+0
vn 0.0000000e+0 0.0000000e+0 1.00000000
vn 0.0000000e+0 1.00000000 0.0000000e+0
vn -1.00000000 0.0000000e+0 0.0000000e+0
vn 0.0000000e+0 0.0000000e+0 1.00000000
vn 0.0000000e+0 1.00000000 0.0000000e+0
vn 1.00000000 0.0000000e+0 0.0000000e+0
vn 0.0000000e+0 0.0000000e+0 -1.00000000
vn 0.0000000e+0 -1.00000000 0.0000000e+0
vn -1.00000000 0.0000000e+0 0.0000000e+0
vn 0.0000000e+0 0.0000000e+0 -1.00000000
vn 0.0000000e+0 -1.00000000 0.0000000e+0
vn 1.00000000 0.0000000e+0 0.0000000e+0
vn 0.0000000e+0 0.0000000e+0 -1.00000000
vn 0.0000000e+0 1.00000000 0.0000000e+0
vn -1.00000000 0.0000000e+0 0.0000000e+0
vn 0.0000000e+0 0.0000000e+0 -1.00000000
vn 0.0000000e+0 1.00000000 0.0000000e+0
vn 1.00000000 0.0000000e+0 0.0000000e+0
vn 0.0000000e+0 -1.00000000 0.0000000e+0
vn -1.00000000 0.0000000e+0 0.0000000e+0
vn 0.0000000e+0 0.0000000e+0 -1.00000000
vn 0.0000000e+0 -1.00000000 0.0000000e+0
vn -1.00000000 0.0000000e+0 0.0000000e+0
vn 0.0000000e+0 0.0000000e+0 1.00000000
vn 0.0000000e+0 1.00000000 0.0000000e+0
vn -1.00000000 0.0000000e+0 0.0000000e+0
vn 0.0000000e+0 0.0000000e+0 -1.00000000
vn 0.0000000e+0 1.00000000 0.0000000e+0
vn -1.00000000 0.0000000e+0 0.0000000e+0
vn 0.0000000e+0 0.0000000e+0 1.00000000
vn 0.0000000e+0 -1.00000000 0.0000000e+0
vn 1.00000000 0.0000000e+0 0.0000000e+0
vn 0.0000000e+0 0.0000000e+0 -1.00000000
vn 0.0000000e+0 -1.00000000 0.0000000e+0
vn 1.00000000 0.0000000e+0 0.0000000e+0
vn 0.0000000e+0 0.0000000e+0 1.00000000
vn 0.0000000e+0 1.00000000 0.0000000e+0
vn 1.00000000 0.0000000e+0 0.0000000e+0
vn 0.0000000e+0 0.0000000e+0 -1.00000000
vn 0.0000000e+0 1.00000000 0.0000000e+0
vn 1.00000000 0.0000000e+0 0.0000000e+0
vn 0.0000000e+0 0.0000000e+0 1.00000000
g Cube1_default
usemtl default
s 1
f 2/212/6 6/223/18 8/224/24 4/213/12
f 3/187/9 7/166/21 5/165/15 1/186/3
f 10/357/28 12/362/34 11/361/31 9/358/25
f 13/373/37 15/362/43 16/363/46 14/372/40
f 18/271/54 22/297/66 24/298/72 20/272/60
f 19/20/57 23/19/69 21/142/63 17/143/51
f 25/54/75 29/52/87 30/51/90 26/53/78
f 28/61/84 32/63/96 31/64/93 27/62/81
f 34/259/101 38/285/113 40/286/119 36/260/107
f 35/255/104 39/281/116 37/282/110 33/256/98
f 41/290/121 45/264/133 46/263/136 42/289/124
f 44/140/130 48/141/142 47/18/139 43/17/127
f 50/67/148 54/73/160 56/74/166 52/68/154
f 51/73/151 55/67/163 53/66/157 49/72/145
f 58/283/174 60/284/180 59/258/177 57/257/171
f 61/291/183 63/292/189 64/266/192 62/265/186
f 65/338/195 69/318/207 70/317/210 66/337/198
f 68/319/204 72/339/216 71/340/213 67/320/201
f 73/328/219 77/308/231 78/307/234 74/327/222
f 76/313/228 80/333/240 79/334/237 75/314/225
f 82/393/246 84/395/252 83/396/249 81/394/243
f 85/399/255 87/397/261 88/396/264 86/398/258
f 89/219/265 91/199/269 92/190/271 90/159/267
f 93/180/274 95/202/278 96/203/280 94/181/276
f 98/151/284 100/177/288 99/178/286 97/152/282
f 101/205/290 103/183/294 104/182/296 102/204/292
f 105/175/298 107/77/302 108/116/304 106/170/300
f 110/191/307 112/160/311 111/220/309 109/200/305
f 113/105/314 115/161/318 116/172/320 114/75/316
f 117/149/322 119/150/326 120/123/328 118/122/324
f 122/418/334 124/419/340 123/350/337 121/349/331
f 125/420/343 127/421/349 128/352/352 126/351/346
f 129/435/354 133/436/366 134/369/369 130/368/357
f 132/95/363 136/96/375 135/40/372 131/39/360
f 138/114/381 142/157/393 144/158/399 140/115/387
f 139/228/384 143/217/396 141/216/390 137/227/378
f 145/381/401 149/377/413 150/376/416 146/380/404
f 148/402/410 152/404/422 151/405/419 147/403/407
f 153/414/425 157/415/437 158/346/440 154/345/428
f 156/437/434 160/438/446 159/371/443 155/370/431
f 162/245/454 166/251/466 168/252/472 164/246/460
f 163/209/457 167/195/469 165/194/463 161/208/451
f 169/236/473 173/222/485 174/221/488 170/235/476
f 172/391/482 176/400/494 175/401/491 171/392/479
s 2
f 1/375/2 5/360/14 6/359/17 2/374/5
f 4/382/11 8/389/23 7/390/20 3/383/8
f 9/330/27 13/310/39 14/309/42 10/329/30
f 12/311/36 16/331/48 15/332/45 11/312/33
f 17/53/49 21/58/61 22/59/64 18/54/52
f 20/61/58 24/56/70 23/55/67 19/60/55
f 26/136/76 28/13/82 27/11/79 25/134/73
f 29/303/85 31/305/91 32/279/94 30/277/88
f 34/145/102 36/22/108 35/21/105 33/144/99
